quad	lat_deg	lat_min	lon_deg	lon_min	yr	mo	day	time	ship_code	#groups	data type	cruise	station																																																				
7	36	56	70	12	54	6	8	194	31FR	22	3	6212	2	0	2420	5	2420	10	2420	15	2420	20	2410	25	2400	30	2380	35	2370	40	2360	45	2320	50	2280	55	2240	60	2210	65	2170	70	2150	75	2140	80	2120	85	2110	90	2110	95	2090	100	2070	105	2060								
7	36	47	71	32	54	6	8	144	31FR	25	3	6212	1	0	2310	5	2300	10	2280	15	2270	20	2220	25	2190	30	2170	35	2130	40	2090	45	2060	50	2060	55	2040	60	2030	65	2010	70	1990	75	1970	80	1930	85	1910	90	1890	95	1890	100	1870	105	1870	110	1860	115	1840	120	1840		
7	32	38	74	46	54	8	2	130	31FR	22	3	6212	89	0	2770	5	2770	10	2760	15	2760	20	2750	25	2750	30	2750	35	2740	40	2700	45	2680	50	2630	55	2560	60	2520	65	2480	70	2430	75	2370	80	2340	85	2310	90	2270	95	2240	100	2230	105	2190								
7	33	34	74	52	54	8	2	170	31FR	23	3	6212	90	0	2780	5	2780	10	2780	15	2770	20	2760	25	2760	30	2760	35	2760	40	2740	45	2730	50	2710	55	2610	60	2520	65	2470	70	2400	75	2360	80	2330	85	2280	90	2270	95	2230	100	2210	105	2180	110	2130						
7	34	32	74	59	54	8	2	200	31FR	23	3	6212	91	0	2910	5	2910	10	2890	15	2890	20	2880	25	2860	30	2820	35	2750	40	2720	45	2660	50	2620	55	2580	60	2540	65	2500	70	2460	75	2420	80	2380	85	2320	90	2240	95	2220	100	2170	105	2110	110	2050						
7	35	28	74	46	54	8	3	10	31FR	26	3	6212	92	0	2860	5	2860	10	2860	15	2860	20	2860	25	2840	30	2820	35	2780	40	2760	45	2710	50	2540	55	2420	60	2290	65	2190	70	2120	75	2060	80	1990	85	1930	90	1870	95	1830	100	1790	105	1780	110	1770	115	1740	120	1660	125	1630
7	33	29	77	35	65	6	2	180	31FR	3	3	6687	1	0	2500	5	2450	10	2230																																														
7	33	29	77	35	65	6	3	180	31FR	3	3	6687	2	0	2480	5	2380	10	2250																																														
7	33	29	77	35	65	6	4	180	31FR	4	3	6687	3	0	2290	5	2270	10	2270	15	2270																																												
7	33	29	77	35	65	6	5	180	31FR	4	3	6687	4	0	2280	5	2270	10	2270	15	2270																																												
7	33	29	77	35	65	6	6	180	31FR	3	3	6687	5	0	2370	5	2350	10	2290																																														
7	33	29	77	35	65	6	8	180	31FR	2	3	6687	6	0	2400	5	2350																																																
7	33	29	77	35	65	6	9	180	31FR	3	3	6687	7	0	2500	5	2490	10	2300																																														
7	33	29	77	35	65	6	10	180	31FR	3	3	6687	8	0	2450	5	2350	10	2340																																														
7	33	29	77	35	65	6	11	180	31FR	3	3	6687	9	0	2540	5	2330	10	2290																																														
7	33	29	77	35	65	6	12	180	31FR	3	3	6687	10	0	2400	5	2390	10	2330		
7	33	29	77	35	65	6	13	180	31FR	3	3	6687	11	0	2350	5	2340	10	2280		
7	33	29	77	35	65	6	14	180	31FR	2	3	6687	12	0	2500	5	2470				
7	33	29	77	35	65	6	15	180	31FR	3	3	6687	13	0	2450	5	2310	10	2290		
7	33	29	77	35	65	6	16	180	31FR	3	3	6687	14	0	2390	5	2370	10	2300		
7	33	29	77	35	65	6	17	180	31FR	3	3	6687	15	0	2400	5	2390	10	2290		
7	33	29	77	35	65	6	18	180	31FR	2	3	6687	16	0	2400	5	2410				
7	33	29	77	35	65	6	19	180	31FR	4	3	6687	17	0	2410	5	2400	10	2390	15	2370
7	33	29	77	35	65	6	20	180	31FR	3	3	6687	18	0	2450	5	2400	10	2380		
7	33	29	77	35	65	6	22	180	31FR	3	3	6687	20	0	2470	5	2410	10	2390		
7	33	29	77	35	65	6	23	180	31FR	3	3	6687	21	0	2500	5	2390	10	2330		
7	33	29	77	35	65	6	24	180	31FR	4	3	6687	22	0	2560	5	2480	10	2400	15	2230
7	33	29	77	35	65	6	27	180	31FR	3	3	6687	23	0	2530	5	2490	10	2400		
7	33	29	77	35	65	6	29	180	31FR	3	3	6687	24	0	2650	5	2590	10	2400		
7	33	29	77	35	65	6	30	150	31FR	3	3	6687	25	0	2500	5	2500	10	2500		
7	33	29	75	35	65	8	1	180	31FR	3	3	6688	1	0	2640	5	2560	10	2490		
7	33	29	75	35	65	8	2	180	31FR	3	3	6688	2	0	2690	5	2680	10	2530		
7	33	29	75	35	65	8	3	180	31FR	4	3	6688	3	0	2720	5	2670	10	2450	15	2450
7	33	29	75	35	65	8	4	180	31FR	3	3	6688	4	0	2690	5	2690	10	2540		
7	33	29	77	35	65	8	5	180	31FR	3	3	6688	5	0	2780	5	2710	10	2460		
7	33	29	77	35	65	8	6	180	31FR	4	3	6688	6	0	2820	5	2730	10	2710	15	2350
7	33	29	77	35	65	8	8	180	31FR	4	3	6688	7	0	2790	5	2750	10	2720	15	2450
7	33	29	77	35	65	8	9	180	31FR	3	3	6688	8	0	2730	5	2670	10	2560		
7	33	29	77	35	65	8	11	180	31FR	4	3	6688	9	0	2780	5	2750	10	2720	15	2420
7	33	29	77	35	65	8	12	180	31FR	4	3	6688	10	0	2850	5	2750	10	2710	15	2400
7	33	29	77	35	65	8	13	180	31FR	3	3	6688	11	0	2790	5	2780	10	2770		
7	33	29	77	35	65	8	14	99*	31FR	3	3	6688	12	0	2790	5	2770	10	2320		
7	33	29	77	35	65	8	15	180	31FR	2	3	6688	13	0	2730	5	2730				
7	33	29	77	35	65	8	16	180	31FR	3	3	6688	14	0	2760	5	2710	10	2320		
7	33	29	77	35	65	8	18	180	31FR	4	3	6688	15	0	2630	5	2630	10	2560	15	2460
7	33	29	77	35	65	8	23	180	31FR	4	3	6688	16	0	2710	5	2700	10	2690	15	2310
7	33	29	77	35	65	9	16	99*	31FR	4	3	6706	16	0	2830	5	2840	10	2830	15	2720
7	33	29	77	35	65	9	17	170	31FR	4	3	6706	17	0	2820	5	2830	10	2650	15	2590		
7	33	29	77	35	65	9	18	170	31FR	3	3	6706	18	0	2730	5	2760	10	2770				
7	33	29	77	35	65	9	21	170	31FR	5	3	6706	21	0	2770	5	2770	10	2770	15	2750	20	2620
7	33	29	77	35	65	9	22	170	31FR	4	3	6706	22	0	2720	5	2720	10	2730	15	2730		
7	33	29	77	35	65	9	25	170	31FR	3	3	6706	25	0	2710	5	2710	10	2720				
7	33	28	77	35	65	9	26	170	31FR	4	3	6706	26	0	2700	5	2700	10	2700	15	2680		
7	33	29	77	35	65	9	27	170	31FR	4	3	6706	27	0	2690	5	2690	10	2690	15	2680		
7	33	29	77	35	65	9	29	170	31FR	4	3	6706	29	0	2610	5	2610	10	2610	15	2620		
7	33	29	77	35	65	9	30	170	31FR	4	3	6706	30	0	2600	5	2610	10	2610	15	2620		
7	33	29	77	35	65	9	99	170	31FR	4	3	6706	20	0	2660	5	2670	10	2680	15	2610		
7	33	29	77	35	65	10	3	180	31FR	4	3	6705	3	0	2430	5	2450	10	2450	15	2450		
7	33	29	77	35	65	10	4	180	31FR	4	3	6705	4	0	2410	5	2410	10	2410	15	2440		
7	33	29	77	35	65	10	5	180	31FR	4	3	6705	5	0	2400	5	2400	10	2400	15	2350		
7	33	29	77	35	65	10	8	180	31FR	4	3	6705	8	0	2340	5	2350	10	2350	15	2330		
7	33	29	77	35	65	10	11	180	31FR	3	3	6705	11	0	2430	5	2470	10	2470				
7	33	29	77	35	65	10	14	180	31FR	3	3	6705	14	0	2420	5	2430	10	2440				
7	33	29	77	35	65	10	16	180	31FR	3	3	6705	16	0	2340	5	2350	10	2360		
7	33	29	77	35	65	10	17	180	31FR	3	3	6705	17	0	2320	5	2330	10	2330		
7	33	29	77	35	65	12	7	130	31FR	3	3	7119	1	0	1560	5	1650	10	1660		
7	33	29	77	35	65	12	27	130	31FR	3	3	7119	2	0	1960	5	1990	10	2000		
7	33	29	77	35	65	12	29	130	31FR	4	3	7119	3	0	2090	5	2090	10	2090	15	2100
7	33	29	77	35	65	12	31	130	31FR	4	3	7119	4	0	1990	5	1990	10	1990	15	1980
7	33	29	77	35	66	1	14	130	31FR	3	3	7120	1	0	2030	5	2030	10	2040		
7	33	29	77	35	66	1	15	130	31FR	4	3	7120	2	0	2010	5	2010	10	2020	15	2030
7	33	29	77	35	66	1	17	130	31FR	3	3	7120	3	0	1680	5	1680	10	1680		
7	33	29	77	35	66	1	20	130	31FR	3	3	7120	4	0	1560	5	1560	10	1550		
7	33	29	77	35	66	1	23	130	31FR	3	3	7120	5	0	1770	5	1780	10	1780		
7	33	29	77	35	66	1	31	130	31FR	2	3	7120	6	0	1120	5	1120				
7	33	29	77	35	66	2	4	180	31FR	3	3	7162	4	0	1210	5	1220	10	1220		
7	33	29	77	35	66	2	6	180	31FR	3	3	7162	6	0	920	5	900	10	890		
7	33	29	77	35	66	2	7	180	31FR	3	3	7162	7	0	1220	5	1220	10	1220		
7	32	29	77	35	66	2	8	180	31FR	3	3	7162	8	0	1080	5	1090	10	1090		
7	33	29	77	35	66	2	9	180	31FR	3	3	7162	9	0	1300	5	1290	10	1180		
7	33	29	77	35	66	2	10	180	31FR	3	3	7162	10	0	1590	5	1530	10	1310		
7	33	29	77	35	66	2	11	180	31FR	3	3	7162	11	0	1500	5	1480	10	1240		
7	33	29	77	35	66	2	12	180	31FR	3	3	7162	12	0	1500	5	1410	10	1320		
7	33	29	77	35	66	2	14	180	31FR	4	3	7162	14	0	1490	5	1500	10	1490	15	1490
7	33	29	77	35	66	2	16	180	31FR	3	3	7162	16	0	1500	5	1480	10	1490		
7	33	29	77	35	66	2	17	180	31FR	4	3	7162	17	0	1490	5	1490	10	1490	15	1480
7	33	29	77	35	66	2	18	180	31FR	3	3	7162	18	0	1310	5	1310	10	1310		
7	33	29	77	35	66	2	19	180	31FR	3	3	7162	19	0	1470	5	1480	10	1500		
7	33	29	77	35	66	2	21	99*	31FR	3	3	7162	21	0	1060	5	1060	10	1060		
7	33	29	77	35	66	2	24	180	31FR	3	3	7162	24	0	1590	5	1590	10	1590		
7	33	29	77	35	66	2	25	180	31FR	3	3	7162	25	0	1660	5	1660	10	1660		
7	33	29	77	35	66	2	26	180	31FR	4	3	7162	26	0	1830	5	1830	10	1830	15	1820
7	33	29	77	35	66	2	27	180	31FR	4	3	7162	27	0	1190	5	1190	10	1190	15	1190
7	33	29	77	35	66	2	28	180	31FR	4	3	7162	28	0	1590	5	1580	10	1570	15	1530
7	33	29	77	35	66	3	1	180	31FR	3	3	7163	1	0	1530	5	1530	10	1530		
7	33	29	77	35	66	3	2	180	31FR	3	3	7163	2	0	1610	5	1600	10	1590
7	33	29	77	35	66	3	3	180	31FR	3	3	7163	3	0	1630	5	1620	10	1610
7	33	29	77	38	66	3	4	180	31FR	3	3	7163	4	0	1570	5	1560	10	1560
7	33	29	77	35	66	3	5	180	31FR	3	3	7163	5	0	1500	5	1500	10	1500
7	33	29	77	35	66	3	6	180	31FR	3	3	7163	6	0	1480	5	1480	10	1480
7	33	29	77	35	66	3	7	180	31FR	3	3	7163	7	0	1510	5	1510	10	1510
7	33	29	77	35	66	3	8	180	31FR	3	3	7163	8	0	1580	5	1590	10	1590
7	33	29	77	35	66	3	9	180	31FR	3	3	7163	9	0	1500	5	1500	10	1500
7	33	29	77	35	66	3	11	180	31FR	3	3	7163	11	0	1300	5	1290	10	1290
7	33	29	77	35	66	3	12	180	31FR	3	3	7163	12	0	1650	5	1620	10	1620
7	33	29	77	35	66	3	13	180	31FR	3	3	7163	13	0	1660	5	1630	10	1620
7	33	29	77	35	66	3	14	180	31FR	3	3	7163	14	0	1360	5	1340	10	1510
7	33	29	77	35	66	3	16	180	31FR	3	3	7163	16	0	1300	5	1300	10	1300
7	33	29	77	35	66	3	17	180	31FR	3	3	7163	17	0	1410	5	1410	10	1400
7	33	29	77	35	66	3	18	180	31FR	3	3	7163	18	0	1580	5	1570	10	1550
7	33	29	77	35	66	3	19	180	31FR	3	3	7163	19	0	1540	5	1540	10	1530
7	33	29	77	35	66	3	20	180	31FR	3	3	7163	20	0	1390	5	1390	10	1390				
7	33	29	77	35	66	3	21	180	31FR	3	3	7163	21	0	1400	5	1400	10	1400				
7	33	29	77	35	66	3	22	180	31FR	3	3	7163	22	0	1620	5	1570	10	1340				
7	33	29	77	35	66	3	23	180	31FR	3	3	7163	23	0	1800	5	1700	10	1640				
7	33	29	77	35	66	3	24	180	31FR	3	3	7163	24	0	1750	5	1770	10	1770				
7	33	29	77	35	66	3	27	180	31FR	3	3	7163	27	0	1490	5	1490	10	1490				
7	33	29	77	35	66	3	28	180	31FR	5	3	7163	28	0	1400	5	1400	10	1400	15	1400	20	1370
7	33	29	77	35	66	3	29	180	31FR	3	3	7163	29	0	1220	5	1220	10	1220				
7	33	29	77	35	66	3	30	180	31FR	3	3	7163	30	0	1720	5	1700	10	1670				
7	33	29	77	35	66	3	31	180	31FR	3	3	7163	31	0	1480	5	1480	10	1480				
7	33	29	77	35	66	4	1	180	31FR	3	3	7164	1	0	1390	5	1390	10	1390				
7	33	29	77	35	66	4	2	180	31FR	3	3	7164	2	0	1320	5	1320	10	1320				
7	33	29	77	35	66	4	3	180	31FR	3	3	7164	3	0	1420	5	1390	10	1380				
7	33	29	77	35	66	4	5	180	31FR	4	3	7164	5	0	1490	5	1490	10	1490	15	1500		
7	33	29	77	35	66	4	7	180	31FR	3	3	7164	7	0	1580	5	1570	10	1570				
7	33	29	77	35	66	4	8	180	31FR	5	3	7164	8	0	1700	5	1690	10	1690	15	1680	20	1620
7	33	29	77	35	66	4	9	180	31FR	3	3	7164	9	0	1710	5	1680	10	1650		
7	33	29	77	35	66	4	10	180	31FR	4	3	7164	10	0	1580	5	1580	10	1580	15	1590
7	33	29	77	35	66	4	11	180	31FR	3	3	7164	11	0	1610	5	1560	10	1510		
7	33	29	77	35	66	4	12	180	31FR	4	3	7164	12	0	1610	5	1550	10	1530	15	1520
7	33	29	77	35	66	4	13	180	31FR	3	3	7164	13	0	1700	5	1700	10	1700		
7	33	29	77	35	66	4	14	180	31FR	3	3	7164	14	0	1560	5	1570	10	1570		
7	33	29	77	35	66	4	15	180	31FR	3	3	7164	15	0	1510	5	1520	10	1530		
7	33	29	77	35	66	4	16	180	31FR	4	3	7164	16	0	1480	5	1490	10	1490	15	1490
7	33	29	77	35	66	4	17	180	31FR	3	3	7164	17	0	1520	5	1500	10	1480		
7	33	29	77	35	66	4	18	180	31FR	3	3	7164	18	0	1660	5	1620	10	1610		
7	33	29	77	35	66	4	19	180	31FR	3	3	7164	19	0	1760	5	1730	10	1730		
7	33	29	77	35	66	4	20	180	31FR	3	3	7164	20	0	1950	5	1920	10	1800		
7	33	29	77	35	66	4	21	180	31FR	2	3	7164	21	0	1940	5	1910				
7	33	29	77	35	66	4	22	180	31FR	3	3	7164	22	0	1750	5	1730	10	1700		
7	33	29	77	35	66	4	23	180	31FR	3	3	7164	23	0	1810	5	1660	10	1600		
7	33	29	77	35	66	4	24	180	31FR	3	3	7164	24	0	1830	5	1580	10	1540		
7	33	29	77	35	66	4	25	180	31FR	3	3	7164	25	0	1880	5	1840	10	1830		
7	33	29	77	35	66	4	27	180	31FR	4	3	7164	27	0	1900	5	1790	10	1760	15	1700
7	33	29	77	35	66	4	28	180	31FR	3	3	7164	28	0	1900	5	1800	10	1800		
7	33	29	77	35	66	4	29	180	31FR	3	3	7164	29	0	1870	5	1790	10	1780		
7	33	29	77	35	66	4	30	180	31FR	3	3	7164	30	0	1950	5	1730	10	1700		
7	36	29	77	35	66	5	1	180	31FR	3	3	7165	1	0	1890	5	1840	10	1780		
7	36	29	77	35	66	5	3	180	31FR	2	3	7165	3	0	1850	5	1830				
7	33	29	77	35	66	5	5	180	31FR	3	3	7165	5	0	1760	5	1740	10	1720		
7	33	29	77	35	66	5	7	180	31FR	3	3	7165	7	0	1890	5	1850	10	1840		
7	33	29	77	35	66	5	8	180	31FR	3	3	7165	8	0	1900	5	1890	10	1900		
7	33	29	77	35	66	5	9	180	31FR	3	3	7165	9	0	1900	5	1900	10	1900		
7	33	29	77	35	66	5	10	180	31FR	3	3	7165	10	0	1820	5	1820	10	1820		
7	33	29	77	35	66	5	12	180	31FR	3	3	7165	11	0	1820	5	1810	10	1790		
7	33	29	77	35	66	5	13	180	31FR	4	3	7165	12	0	1870	5	1820	10	1820	15	1830
7	33	29	77	35	66	5	14	180	31FR	4	3	7165	13	0	1890	5	1830	10	1820	15	1820
7	33	29	77	35	66	5	15	180	31FR	3	3	7165	14	0	1870	5	1870	10	1860		
7	33	29	77	35	66	5	16	180	31FR	3	3	7165	15	0	1910	5	1880	10	1880						
7	33	29	77	35	66	5	17	180	31FR	4	3	7165	16	0	1990	5	1910	10	1900	15	1900				
7	33	29	77	35	66	5	18	180	31FR	3	3	7165	17	0	2230	5	2140	10	1970						
7	33	29	77	35	66	5	27	180	31FR	3	3	7165	25	0	2270	5	2260	10	2190						
7	33	29	77	35	66	5	28	180	31FR	3	3	7165	26	0	2390	5	2390	10	2350						
7	33	29	77	35	66	5	30	180	31FR	3	3	7165	28	0	2420	5	2420	10	2410						
7	36	29	77	35	66	5	99	180	31FR	3	3	7165	2	0	1910	5	1820	10	1780						
7	33	29	77	35	66	6	1	170	31FR	3	3	9009	1	0	2240	5	2240	10	2240						
7	38	47	74	34	66	6	1	140	31FR	5	3	9011	1	0	1550	5	1540	10	1470	15	1230	20	1200		
7	33	0	77	35	66	6	2	170	31FR	3	3	9009	2	0	2160	5	2140	10	2140						
7	38	47	74	34	66	6	2	140	31FR	6	3	9011	2	0	1320	5	1250	10	1100	15	1090	20	1090	25	1090
7	33	29	77	35	66	6	3	155	31FR	3	3	9009	3	0	2220	5	2180	10	2170						
7	38	47	74	36	66	6	3	140	31FR	6	3	9011	3	0	1450	5	1450	10	1390	15	1130	20	1110	25	1100
7	33	29	77	35	66	6	4	140	31FR	3	3	9009	4	0	2230	5	2240	10	2250						
7	38	47	74	34	66	6	4	140	31FR	6	3	9011	4	0	1350	5	1130	10	990	15	970	20	970	25	960
7	33	29	77	35	66	6	5	140	31FR	3	3	9009	5	0	2360	5	2360	10	2360						
7	38	47	74	34	66	6	5	140	31FR	6	3	9011	5	0	1430	5	1410	10	1070	15	920	20	900	25	900				
7	33	29	77	35	66	6	6	140	31FR	3	3	9009	6	0	2300	5	2300	10	2300										
7	38	47	74	34	66	6	6	140	31FR	6	3	9011	6	0	1500	5	1500	10	1330	15	900	20	890	25	890				
7	33	29	77	35	66	6	7	140	31FR	3	3	9009	7	0	2380	5	2350	10	2350										
7	38	47	74	34	66	6	7	140	31FR	6	3	9011	7	0	1700	5	1690	10	1380	15	1100	20	1030	25	1030				
7	33	29	77	35	66	6	8	140	31FR	3	3	9009	8	0	2400	5	2400	10	2400										
7	38	47	74	34	66	6	8	140	31FR	6	3	9011	8	0	1610	5	1600	10	1580	15	940	20	830	25	830				
7	33	29	77	35	66	6	9	140	31FR	3	3	9009	9	0	2390	5	2440	10	2430										
7	38	47	74	34	66	6	9	140	31FR	6	3	9011	9	0	1730	5	1710	10	1490	15	930	20	900	25	900				
7	38	47	74	34	66	6	10	140	31FR	6	3	9011	10	0	1590	5	1580	10	1500	15	1130	20	970	25	960				
7	33	29	77	35	66	6	13	140	31FR	3	3	9009	10	0	2310	5	2320	10	2320										
7	38	47	74	34	66	6	14	140	31FR	4	3	9011	11	0	1470	5	1470	10	1460	15	1440								
7	38	47	74	34	66	6	15	140	31FR	6	3	9011	12	0	1510	5	1510	10	1500	15	1490	20	1490	25	1490				
7	38	47	74	34	66	6	16	140	31FR	6	3	9011	13	0	1580	5	1580	10	1570	15	1560	20	1500	25	1380				
7	38	47	74	34	66	6	17	140	31FR	8	3	9011	14	0	1610	5	1600	10	1520	15	1440	20	1270	25	1210	30	1180	35	1170
7	38	47	74	34	66	6	18	140	31FR	8	3	9011	15	0	1650	5	1560	10	1520	15	1500	20	1340	25	1290	30	1140	35	1100
7	38	47	74	34	66	6	19	140	31FR	6	3	9011	16	0	1680	5	1680	10	1600	15	1530	20	1400	25	1300		
7	38	47	74	34	66	6	20	140	31FR	6	3	9011	17	0	1710	5	1660	10	1600	15	1430	20	1300	25	1260		
7	38	47	74	34	66	6	21	140	31FR	6	3	9011	18	0	1750	5	1710	10	1590	15	1500	20	1300	25	1190		
7	38	47	74	34	66	6	22	140	31FR	6	3	9011	19	0	1790	5	1790	10	1670	15	1350	20	1190	25	1100		
7	38	47	74	34	66	6	23	140	31FR	7	3	9011	20	0	1830	5	1800	10	1800	15	1370	20	1280	25	1240	30	1110
7	38	47	74	34	66	6	24	140	31FR	6	3	9011	21	0	1860	5	1840	10	1600	15	1420	20	2100	25	2090		
7	38	47	74	34	66	6	25	140	31FR	6	3	9011	22	0	1900	5	1870	10	1740	15	1450	20	1140	25	1040		
7	38	47	74	34	66	6	26	140	31FR	6	3	9011	23	0	2080	5	1800	10	1700	15	1640	20	1410	25	1390		
7	38	47	74	34	66	6	27	140	31FR	6	3	9011	24	0	1950	5	1930	10	1570	15	1370	20	1390	25	1260		
7	38	47	74	34	66	6	28	140	31FR	6	3	9011	25	0	1830	5	1810	10	1620	15	1350	20	1050	25	1000		
7	38	47	74	34	66	6	29	140	31FR	6	3	9011	26	0	1850	5	1860	10	1800	15	1250	20	1040	25	960		
7	38	47	74	34	66	6	30	140	31FR	6	3	9011	27	0	1950	5	1930	10	1700	15	1280	20	1070	25	1000		
7	38	47	74	34	66	7	1	140	31FR	6	3	9010	1	0	1990	5	1970	10	1510	15	1180	20	1020	25	990		
7	33	29	77	35	66	7	2	150	31FR	3	3	9074	2	0	2550	5	2530	10	2470								
7	38	47	74	34	66	7	2	140	31FR	6	3	9010	2	0	2010	5	2000	10	1700	15	1420	20	1240	25	1140		
7	38	47	74	34	66	7	3	140	31FR	6	3	9010	3	0	2080	5	1980	10	1600	15	1190	20	1030	25	1020		
7	38	47	74	34	66	7	4	140	31FR	5	3	9010	4	0	2140	5	2000	10	1550	15	1100	20	1050				
7	33	29	77	35	66	7	5	150	31FR	4	3	9074	5	0	2570	5	2570	10	2460	15	2460						
7	38	47	74	34	66	7	5	140	31FR	6	3	9010	5	0	1920	5	1920	10	1650	15	1130	20	1090	25	1080		
7	38	47	74	34	66	7	6	140	31FR	6	3	9010	6	0	2180	5	1980	10	1600	15	1190	20	1170	25	1170		
7	38	47	74	34	66	7	7	140	31FR	6	3	9010	7	0	1990	5	1940	10	1940	15	1940	20	950	25	940		
7	33	29	77	35	66	7	8	150	31FR	4	3	9074	8	0	2700	5	2640	10	2410	15	2400						
7	38	47	74	34	66	7	8	140	31FR	6	3	9010	8	0	2280	5	2200	10	1740	15	1180	20	1090	25	1070		
7	38	47	74	34	66	7	9	140	31FR	6	3	9010	9	0	2320	5	2150	10	1750	15	1190	20	1080	25	1050		
7	38	47	74	34	66	7	10	140	31FR	6	3	9010	10	0	2300	5	2200	10	1600	15	1120	20	1030	25	1020		
7	33	29	77	35	66	7	11	150	31FR	3	3	9074	11	0	2650	5	2600	10	2310								
7	38	47	74	34	66	7	11	140	31FR	6	3	9010	11	0	1880	5	1880	10	1290	15	900	20	890	25	880		
7	38	47	74	34	66	7	12	140	31FR	6	3	9010	12	0	2010	5	1990	10	1540	15	1150	20	1020	25	1010		
7	38	47	74	34	66	7	13	140	31FR	6	3	9010	13	0	2080	5	1950	10	1480	15	1130	20	980	25	900		
7	33	29	77	35	66	7	14	150	31FR	3	3	9074	14	0	2660	5	2640	10	2560								
7	38	47	74	34	66	7	14	140	31FR	7	3	9010	14	0	2180	5	2100	10	1850	15	1230	20	930	25	930	30	930
7	33	29	77	35	66	7	15	150	31FR	4	3	9074	15	0	2680	5	2670	10	2600	15	2040						
7	38	47	74	34	66	7	15	140	31FR	6	3	9010	15	0	2220	5	2220	10	1850	15	1120	20	1050	25	1050		
7	38	47	74	34	66	7	16	140	31FR	6	3	9010	16	0	2060	5	2040	10	2040	15	1100	20	1060	25	1010		
7	38	47	74	34	66	7	17	140	31FR	7	3	9010	17	0	2080	5	2020	10	1700	15	1030	20	1010	25	990	30	1000
7	33	29	77	35	66	7	18	150	31FR	4	3	9074	18	0	2570	5	2560	10	2320	15	2230						
7	38	47	74	34	66	7	18	140	31FR	6	3	9010	18	0	2170	5	2150	10	1900	15	1090	20	1080	25	1080		
7	38	47	74	34	66	7	19	140	31FR	6	3	9010	19	0	2060	5	1600	10	1300	15	1080	20	1030	25	1020		
7	33	29	77	35	66	7	20	150	31FR	4	3	9074	20	0	2380	5	2380	10	2200	15	2090						
7	38	47	74	34	66	7	20	140	31FR	6	3	9010	20	0	1800	5	1800	10	1440	15	1020	20	930	25	920		
7	33	29	77	35	66	7	21	150	31FR	4	3	9074	21	0	2570	5	2550	10	2530	15	2510						
7	38	47	74	34	66	7	21	140	31FR	6	3	9010	21	0	1970	5	1940	10	1500	15	1010	20	980	25	930		
7	38	47	74	34	66	7	22	140	31FR	6	3	9010	22	0	2030	5	2020	10	1200	15	1030	20	1020	25	1000		
7	38	47	74	34	66	7	23	140	31FR	6	3	9010	23	0	2110	5	2080	10	1550	15	1140	20	1080	25	1080		
7	33	29	77	35	66	7	24	150	31FR	3	3	9074	24	0	2530	5	2520	10	2520								
7	38	47	74	34	66	7	24	140	31FR	6	3	9010	24	0	2120	5	2070	10	1600	15	1140	20	1130	25	1080		
7	38	47	74	34	66	7	25	140	31FR	6	3	9010	25	0	2100	5	1900	10	1700	15	1200	20	1150	25	1100		
7	38	47	74	34	66	7	26	140	31FR	6	3	9010	26	0	2150	5	2020	10	1650	15	1060	20	1000	25	1000		
7	33	29	77	35	66	7	27	150	31FR	3	3	9074	27	0	2560	5	2550	10	2540						
7	38	47	74	34	66	7	27	140	31FR	6	3	9010	27	0	2160	5	2010	10	1400	15	1010	20	1000	25	1000
7	33	29	77	35	66	7	28	150	31FR	6	3	9074	28	0	2570	5	2560	10	2530	15	2400	20	2280	25	2130
7	38	47	74	34	66	7	28	140	31FR	5	3	9010	28	0	1770	5	1700	10	1170	15	1060	20	1040		
7	38	47	74	34	66	7	29	140	31FR	5	3	9010	29	0	1820	5	1820	10	1780	15	1020	20	980		
7	33	29	77	35	66	7	30	150	31FR	3	3	9074	30	0	2570	5	2560	10	2440						
7	33	29	77	35	66	8	2	150	31FR	4	3	9076	2	0	2670	5	2650	10	2630	15	2600				
7	33	29	77	35	66	8	3	150	31FR	3	3	9076	3	0	2650	5	2630	10	2610						
7	33	29	77	35	66	8	5	150	31FR	3	3	9076	5	0	2610	5	2550	10	2510						
7	33	29	77	35	66	8	6	150	31FR	4	3	9076	6	0	2570	5	2560	10	2550	15	2440				
7	33	29	77	35	66	8	8	150	31FR	3	3	9076	8	0	2640	5	2500	10	2390						
7	33	29	77	35	66	8	9	150	31FR	3	3	9076	9	0	2600	5	2600	10	2550						
7	33	29	77	35	66	8	14	150	31FR	3	3	9076	14	0	2790	5	2740	10	2510						
7	33	29	77	35	66	8	15	150	31FR	3	3	9076	15	0	2760	5	2730	10	2600						
7	33	29	77	35	66	8	16	150	31FR	3	3	9076	16	0	2770	5	2760	10	2500						
7	33	29	77	35	66	8	18	150	31FR	3	3	9076	17	0	2720	5	2720	10	2330						
7	33	29	77	35	66	8	21	150	31FR	4	3	9076	20	0	2710	5	2650	10	2380	15	2200
7	33	29	77	35	66	8	23	150	31FR	4	3	9076	22	0	2830	5	2760	10	2650	15	2140
7	33	29	77	35	66	8	24	99*	31FR	4	3	9076	23	0	2780	5	2750	10	2220	15	2090
7	33	29	77	35	66	8	25	150	31FR	3	3	9076	24	0	2700	5	2690	10	2400		
7	33	29	77	35	66	8	26	150	31FR	4	3	9076	25	0	2600	5	2610	10	2310	15	2270
7	33	29	77	35	66	8	27	150	31FR	3	3	9076	26	0	2610	5	2610	10	2400		
7	33	29	77	35	66	8	28	150	31FR	3	3	9076	27	0	2700	5	2700	10	2600		
7	33	29	77	35	66	8	29	150	31FR	3	3	9076	28	0	2690	5	2680	10	2650		
7	33	29	77	35	66	8	30	150	31FR	4	3	9076	29	0	2670	5	2670	10	2510	15	2140
7	33	29	77	35	66	9	3	150	31FR	3	3	9075	3	0	2690	5	2680	10	2600		
7	33	29	77	35	66	9	4	150	31FR	4	3	9075	4	0	2740	5	2750	10	2740	15	2590
7	33	29	77	35	66	9	5	150	31FR	4	3	9075	5	0	2700	5	2690	10	2600	15	2540
7	33	29	77	35	66	9	6	150	31FR	4	3	9075	6	0	2600	5	2590	10	2600	15	2510
7	33	29	77	35	66	9	7	150	31FR	3	3	9075	7	0	2700	5	2700	10	2690		
7	33	29	77	35	66	9	8	150	31FR	4	3	9075	8	0	2600	5	2600	10	2590	15	2530
7	33	29	77	35	66	11	17	150	31FR	4	3	9079	12	0	2270	5	2270	10	2270	15	2260
7	33	29	77	35	66	11	24	160	31FR	4	3	9079	17	0	1590	5	1580	10	1460	15	1420
7	33	29	77	35	66	11	25	180	31FR	3	3	9079	18	0	2070	5	2060	10	2060		
7	33	29	77	35	66	11	30	150	31FR	3	3	9079	22	0	1720	5	1720	10	1720		
7	33	29	77	35	66	12	1	205	31FR	3	3	9093	1	0	1580	5	1580	10	1570		
7	33	29	77	35	66	12	2	150	31FR	3	3	9093	2	0	1570	5	1570	10	1570		
7	33	29	77	35	66	12	6	150	31FR	4	3	9093	6	0	1730	5	1730	10	1730	15	1710
7	33	29	77	35	66	12	7	150	31FR	3	3	9093	7	0	1690	5	1640	10	1620		
7	33	29	77	35	66	12	8	150	31FR	3	3	9093	8	0	1810	5	1810	10	1800		
7	33	29	77	35	66	12	9	150	31FR	3	3	9093	9	0	1940	5	1940	10	1940		
7	33	29	77	35	66	12	11	150	31FR	3	3	9093	11	0	1840	5	1840	10	1840		
7	33	29	77	35	66	12	13	150	31FR	3	3	9093	13	0	1880	5	1880	10	1880		
7	33	29	77	35	66	12	14	150	31FR	3	3	9093	14	0	1770	5	1770	10	1770		
7	33	29	77	35	66	12	15	150	31FR	3	3	9093	15	0	1890	5	1890	10	1890		
7	33	29	77	35	66	12	16	150	31FR	4	3	9093	16	0	1950	5	1950	10	1950	15	1950
7	33	29	77	35	66	12	17	150	31FR	3	3	9093	17	0	2100	5	2090	10	1970		
7	33	29	77	35	66	12	18	150	31FR	3	3	9093	18	0	2020	5	2020	10	2020		
7	33	29	77	35	66	12	19	150	31FR	4	3	9093	19	0	1900	5	1900	10	1900	15	1900
7	33	29	77	35	66	12	21	150	31FR	3	3	9093	21	0	1910	5	1910	10	1910		
7	33	29	77	35	66	12	22	150	31FR	3	3	9093	22	0	1940	5	1940	10	1930		
7	33	29	77	35	66	12	24	150	31FR	3	3	9093	24	0	1950	5	1950	10	1950		
7	33	29	77	35	66	12	25	150	31FR	3	3	9093	25	0	1690	5	1690	10	1690		
7	33	29	77	35	66	12	27	150	31FR	3	3	9093	27	0	1800	5	1810	10	1810		
7	33	29	77	35	66	12	30	150	31FR	4	3	9093	30	0	1630	5	1630	10	1610	15	1590
7	33	29	77	35	66	12	31	150	31FR	4	3	9093	31	0	1490	5	1490	10	1440	15	1410
7	33	29	77	35	67	1	4	150	31FR	3	3	9104	4	0	1720	5	1730	10	1730		
7	33	29	77	35	67	1	6	160	31FR	3	3	9104	5	0	1740	5	1740	10	1730		
7	33	29	77	35	67	1	9	150	31FR	3	3	9104	8	0	1970	5	1980	10	1980		
7	33	29	77	35	67	1	10	150	31FR	3	3	9104	9	0	1980	5	1980	10	1980		
7	33	29	77	35	67	1	12	150	31FR	4	3	9104	11	0	1830	5	1820	10	1810	15	1810
7	33	29	77	35	67	1	13	150	31FR	4	3	9104	12	0	1850	5	1850	10	1850	15	1850
7	33	29	77	35	67	1	15	150	31FR	3	3	9104	14	0	1900	5	1900	10	1900		
7	33	29	77	35	67	1	16	150	31FR	4	3	9104	15	0	1700	5	1700	10	1700	15	1700
7	33	29	77	35	67	1	17	150	31FR	3	3	9104	16	0	1670	5	1670	10	1640		
7	33	29	77	35	67	1	18	150	31FR	3	3	9104	17	0	1790	5	1790	10	1750		
7	33	29	77	35	67	1	19	150	31FR	4	3	9104	18	0	1740	5	1740	10	1740	15	1730
7	33	29	77	35	67	1	20	150	31FR	3	3	9104	19	0	1670	5	1680	10	1680		
7	33	29	77	35	67	1	21	150	31FR	3	3	9104	20	0	1720	5	1720	10	1700		
7	33	29	77	35	67	1	22	150	31FR	3	3	9104	21	0	1800	5	1800	10	1800		
7	33	29	77	35	67	1	23	150	31FR	3	3	9104	22	0	1710	5	1720	10	1720		
7	33	29	77	35	67	1	24	150	31FR	3	3	9104	23	0	1790	5	1760	10	1750		
7	33	29	77	35	67	1	25	150	31FR	3	3	9104	24	0	1970	5	1940	10	1820		
7	33	29	77	35	67	1	26	150	31FR	3	3	9104	25	0	1920	5	1860	10	1840		
7	33	29	77	35	67	1	27	150	31FR	4	3	9104	26	0	1870	5	1870	10	1870	15	1870
7	33	29	77	35	67	1	28	150	31FR	4	3	9104	27	0	1700	5	1720	10	1710	15	1710
7	33	29	77	35	67	1	29	150	31FR	3	3	9104	28	0	1640	5	1640	10	1640		
7	33	29	77	35	67	1	30	150	31FR	4	3	9104	29	0	1590	5	1580	10	1580	15	1580
7	33	29	77	35	67	1	31	150	31FR	3	3	9104	30	0	1500	5	1500	10	1500		
7	33	29	77	35	67	2	1	150	31FR	3	3	9114	1	0	1570	5	1570	10	1570		
7	33	29	77	35	67	2	2	150	31FR	3	3	9114	2	0	1670	5	1660	10	1660
7	33	29	77	35	67	2	3	150	31FR	3	3	9114	3	0	1610	5	1610	10	1600
7	33	29	77	35	67	2	4	150	31FR	3	3	9114	4	0	1440	5	1440	10	1440
7	33	29	77	35	67	2	6	150	31FR	3	3	9114	6	0	1430	5	1430	10	1430
7	33	29	77	35	67	2	10	150	31FR	3	3	9114	9	0	1460	5	1460	10	1460
7	33	29	77	35	67	2	14	150	31FR	3	3	9114	13	0	1670	5	1650	10	1590
7	33	29	77	35	67	2	15	150	31FR	3	3	9114	14	0	1380	5	1380	10	1370
7	33	29	77	35	67	2	17	150	31FR	3	3	9114	15	0	1530	5	1530	10	1530
7	33	29	77	35	67	2	19	150	31FR	3	3	9114	17	0	1380	5	1380	10	1380
7	33	29	77	35	67	2	20	150	31FR	3	3	9114	18	0	1680	5	1440	10	1290
7	33	29	77	35	67	2	27	150	31FR	3	3	9114	25	0	1050	5	1210	10	1210
7	33	29	77	35	67	2	99	150	31FR	3	3	9114	5	0	1500	5	1500	10	1500
7	33	29	77	35	67	3	2	150	31FR	3	3	9152	2	0	1110	5	1110	10	1100
7	33	29	77	35	67	3	7	150	31FR	3	3	9152	7	0	1520	5	1520	10	1520
7	33	29	77	35	67	3	8	150	31FR	3	3	9152	8	0	1590	5	1580	10	1580
7	33	29	77	35	67	3	11	150	31FR	3	3	9152	10	0	1650	5	1640	10	1640
7	33	29	77	35	67	3	12	150	31FR	3	3	9152	11	0	1660	5	1660	10	1660
7	33	29	77	35	67	3	13	150	31FR	3	3	9152	12	0	1640	5	1640	10	1640
7	33	29	77	35	67	3	23	150	31FR	3	3	9152	22	0	1620	5	1500	10	1490
7	33	29	77	35	67	3	24	150	31FR	3	3	9152	23	0	1490	5	1490	10	1490
7	33	29	77	35	67	3	26	150	31FR	3	3	9152	25	0	1610	5	1610	10	1600
7	33	29	77	35	67	3	27	150	31FR	3	3	9152	26	0	1630	5	1620	10	1610
7	33	29	77	35	67	3	28	150	31FR	3	3	9152	27	0	1920	5	1850	10	1670
7	33	29	77	35	67	3	29	150	31FR	3	3	9152	28	0	1820	5	1710	10	1710
7	33	29	77	35	67	4	1	150	31FR	3	3	9137	1	0	2010	5	1880	10	1810
7	33	29	77	35	67	4	2	150	31FR	2	3	9137	2	0	1870	5	1870		
7	33	29	77	35	67	4	5	150	31FR	3	3	9137	5	0	1610	5	1610	10	1590
7	33	29	77	35	67	4	6	150	31FR	3	3	9137	6	0	1490	5	1490	10	1490
7	33	29	77	35	67	4	7	150	31FR	3	3	9137	7	0	1970	5	1970	10	1970
7	33	29	77	35	67	4	8	150	31FR	3	3	9137	8	0	1890	5	1890	10	1890
7	33	29	77	35	67	4	9	150	31FR	3	3	9137	9	0	1870	5	1860	10	1810
7	33	29	77	35	67	4	10	150	31FR	3	3	9137	10	0	1910	5	1910	10	1910
7	33	29	77	35	67	4	11	150	31FR	3	3	9137	11	0	1900	5	1910	10	1910		
7	33	29	77	35	67	4	12	150	31FR	4	3	9137	12	0	1860	5	1870	10	1870	15	1860
7	33	29	77	35	67	4	13	150	31FR	3	3	9137	13	0	1960	5	1950	10	1910		
7	33	29	77	35	67	4	14	150	31FR	4	3	9137	14	0	2140	5	2100	10	1990	15	1990
7	33	29	77	35	67	4	15	150	31FR	4	3	9137	15	0	2000	5	2000	10	2000	15	2000
7	33	29	77	35	67	4	16	150	31FR	3	3	9137	16	0	2080	5	2080	10	2080		
7	33	29	77	35	67	4	17	150	31FR	3	3	9137	17	0	2090	5	2060	10	2050		
7	33	29	77	35	67	4	18	150	31FR	3	3	9137	18	0	2130	5	2130	10	2130		
7	33	29	77	35	67	4	21	150	31FR	3	3	9137	21	0	2210	5	2210	10	2210		
7	33	29	77	35	67	4	23	150	31FR	3	3	9137	23	0	2000	5	2000	10	2000		
7	33	29	77	35	67	4	24	150	31FR	3	3	9137	24	0	2090	5	2090	10	2090		
7	33	29	77	35	67	4	29	150	31FR	3	3	9137	29	0	1900	5	1910	10	1910		
7	33	29	77	35	67	4	30	150	31FR	3	3	9137	30	0	1860	5	1860	10	1860		
7	33	29	77	35	67	5	1	140	31FR	3	3	9158	1	0	2100	5	2100	10	2100		
7	33	29	77	35	67	5	2	140	31FR	3	3	9158	2	0	2140	5	2130	10	2120		
7	33	29	77	35	67	5	4	140	31FR	3	3	9158	4	0	2150	5	2140	10	2100		
7	33	29	77	35	67	5	5	140	31FR	3	3	9158	5	0	2180	5	2180	10	2170		
7	33	29	77	35	67	5	8	140	31FR	3	3	9158	8	0	1890	5	1890	10	1890		
7	33	29	77	35	67	5	9	140	31FR	3	3	9158	9	0	1890	5	1890	10	1890		
7	33	29	77	35	67	5	10	140	31FR	3	3	9158	10	0	1880	5	1880	10	1880		
7	33	29	77	35	67	5	11	140	31FR	3	3	9158	11	0	1920	5	1910	10	1910		
7	33	29	77	35	67	5	12	140	31FR	4	3	9158	12	0	2080	5	2080	10	2080	15	2080
7	33	29	77	35	67	5	14	140	31FR	3	3	9158	14	0	2060	5	2070	10	2080		
7	33	29	77	35	67	5	17	140	31FR	4	3	9158	16	0	2110	5	2090	10	2090	15	2090
7	33	29	77	35	67	5	18	140	31FR	3	3	9158	17	0	2120	5	2120	10	2120		
7	33	29	77	35	67	5	19	140	31FR	3	3	9158	18	0	2140	5	2130	10	2130		
7	33	29	77	35	67	5	20	140	31FR	3	3	9158	19	0	2160	5	2160	10	2160		
7	33	29	77	35	67	5	21	140	31FR	3	3	9158	20	0	2170	5	2150	10	2140		
7	33	29	77	35	67	5	22	140	31FR	3	3	9158	21	0	2150	5	2150	10	2150		
7	33	29	77	35	67	5	23	140	31FR	4	3	9158	22	0	2070	5	2070	10	2070	15	2060
7	33	29	77	35	67	5	24	140	31FR	3	3	9158	23	0	2030	5	2030	10	2030		
7	33	29	77	35	67	5	25	140	31FR	4	3	9158	24	0	1970	5	1970	10	1980	15	1980
7	33	29	77	35	67	5	26	140	31FR	4	3	9158	25	0	2040	5	2040	10	2040	15	2040
7	33	29	77	35	67	5	27	140	31FR	4	3	9158	26	0	2090	5	2080	10	2080	15	2070
7	33	29	77	35	67	5	28	140	31FR	4	3	9158	27	0	2170	5	2090	10	2090	15	2090
7	33	29	77	35	67	5	29	140	31FR	4	3	9158	28	0	2110	5	2110	10	2110	15	2110
7	33	29	77	35	67	5	30	140	31FR	3	3	9158	29	0	2170	5	2160	10	2160		
7	33	29	77	35	67	5	31	140	31FR	3	3	9158	30	0	2130	5	2090	10	2070		
7	33	29	77	35	67	6	3	140	31FR	3	3	9175	3	0	2150	5	2150	10	2150		
7	33	29	77	35	67	6	7	140	31FR	4	3	9175	7	0	2150	5	2150	10	2150	15	2140
7	33	29	77	35	67	6	8	140	31FR	4	3	9175	8	0	2320	5	2320	10	2110	15	2000
7	33	29	77	35	67	6	9	140	31FR	3	3	9175	9	0	2320	5	2320	10	2170		
7	33	29	77	35	67	6	10	140	31FR	4	3	9175	10	0	2370	5	2360	10	2300	15	2290
7	33	29	77	35	67	6	11	140	31FR	3	3	9175	11	0	2400	5	2390	10	2310		
7	33	29	77	35	67	6	12	140	31FR	4	3	9175	12	0	2410	5	2340	10	2230	15	2220
7	33	29	77	35	67	6	13	140	31FR	4	3	9175	13	0	2260	5	2220	10	2220	15	2200
7	33	29	77	35	67	6	19	140	31FR	3	3	9175	19	0	2490	5	2480	10	2490		
7	33	29	77	35	67	6	20	140	31FR	3	3	9175	20	0	2450	5	2450	10	2450		
7	33	29	77	35	67	6	21	140	31FR	4	3	9175	21	0	2560	5	2540	10	2540	15	2520
7	33	29	77	35	67	6	22	140	31FR	3	3	9175	22	0	2600	5	2600	10	2600		
7	33	29	77	35	67	6	23	140	31FR	3	3	9175	23	0	2580	5	2580	10	2580		
7	33	29	77	35	67	6	24	140	31FR	4	3	9175	24	0	2580	5	2580	10	2570	15	2570
7	33	29	77	35	67	6	25	140	31FR	4	3	9175	25	0	2560	5	2550	10	2550	15	2540
7	33	29	77	35	67	6	26	140	31FR	3	3	9175	26	0	2570	5	2570	10	2570		
7	33	29	77	35	67	6	27	140	31FR	4	3	9175	27	0	2560	5	2560	10	2560	15	2550
7	33	29	77	35	67	6	28	140	31FR	4	3	9175	28	0	2540	5	2540	10	2540	15	2540
7	33	29	77	35	67	6	29	140	31FR	3	3	9175	29	0	2570	5	2560	10	2550		
7	33	29	77	35	67	7	1	140	31FR	3	3	9176	1	0	2600	5	2590	10	2590		
7	33	29	77	35	67	7	2	140	31FR	3	3	9176	2	0	2600	5	2570	10	2540		
7	33	29	77	35	67	7	4	140	31FR	3	3	9176	4	0	2560	5	2540	10	2540		
7	33	29	77	35	67	7	5	140	31FR	3	3	9176	5	0	2580	5	2580	10	2580		
7	33	29	77	35	67	7	6	140	31FR	3	3	9176	6	0	2570	5	2550	10	2530		
7	33	29	77	35	67	7	7	140	31FR	4	3	9176	7	0	2610	5	2580	10	2550	15	2540
7	33	29	77	35	67	7	9	140	31FR	4	3	9176	9	0	2570	5	2590	10	2490	15	2470
7	33	29	77	35	67	7	12	140	31FR	3	3	9176	12	0	2580	5	2550	10	2510		
7	33	29	77	35	67	7	14	140	31FR	4	3	9176	14	0	2600	5	2590	10	2530	15	2330
7	33	29	77	35	67	7	15	140	31FR	3	3	9176	15	0	2410	5	2420	10	2420		
7	33	29	77	35	67	7	17	140	31FR	3	3	9176	17	0	2600	5	2600	10	2560		
7	33	29	77	35	67	7	19	140	31FR	3	3	9176	19	0	2600	5	2590	10	2550		
7	33	29	77	35	67	7	20	140	31FR	3	3	9176	20	0	2650	5	2620	10	2510		
7	33	29	77	35	67	7	21	140	31FR	4	3	9176	21	0	2630	5	2620	10	2480	15	2460
7	33	29	77	35	67	7	23	140	31FR	3	3	9176	23	0	2670	5	2630	10	2510		
7	33	29	77	35	67	7	24	140	31FR	3	3	9176	24	0	2710	5	2700	10	2510		
7	33	29	77	35	67	7	27	140	31FR	4	3	9176	27	0	2630	5	2600	10	2260	15	2230
7	33	29	77	35	67	7	29	140	31FR	4	3	9176	29	0	2710	5	2520	10	2380	15	2370
7	33	29	77	35	67	7	30	140	31FR	4	3	9176	30	0	2610	5	2590	10	2330	15	2310
7	33	29	77	35	67	7	31	140	31FR	3	3	9176	31	0	2540	5	2540	10	2540		
7	33	29	77	35	67	8	1	140	31FR	3	3	9196	1	0	2660	5	2650	10	2690		
7	33	29	77	35	67	8	2	140	31FR	3	3	9196	2	0	2700	5	2670	10	2680		
7	33	29	77	35	67	8	3	140	31FR	3	3	9196	3	0	2760	5	2720	10	2720		
7	33	29	77	35	67	8	4	140	31FR	3	3	9196	4	0	2770	5	2780	10	2790		
7	33	29	77	35	67	8	5	140	31FR	3	3	9196	5	0	2800	5	2780	10	2770		
7	33	29	77	35	67	8	6	140	31FR	4	3	9196	6	0	2760	5	2770	10	2750	15	2710
7	33	29	77	35	67	8	7	140	31FR	4	3	9196	7	0	2790	5	2750	10	2690	15	2690
7	33	29	77	35	67	8	8	140	31FR	4	3	9196	8	0	2670	5	2660	10	2640	15	2620
7	33	29	77	35	67	8	9	140	31FR	4	3	9196	9	0	2770	5	2770	10	2770	15	2760
7	33	29	77	35	67	8	11	140	31FR	3	3	9196	11	0	2540	5	2540	10	2530		
7	33	29	77	35	67	8	12	140	31FR	4	3	9196	12	0	2490	5	2490	10	2480	15	2440
7	33	29	77	35	67	8	14	140	31FR	3	3	9196	14	0	2530	5	2530	10	2530		
7	33	29	77	35	67	8	15	140	31FR	3	3	9196	15	0	2520	5	2520	10	2520		
7	33	29	77	35	67	8	16	140	31FR	3	3	9196	16	0	2550	5	2550	10	2540		
7	33	29	77	35	67	8	17	140	31FR	3	3	9196	17	0	2740	5	2720	10	2660		
7	33	29	77	35	67	8	18	140	31FR	3	3	9196	18	0	2610	5	2590	10	2580		
7	33	29	77	35	67	8	19	140	31FR	3	3	9196	19	0	2650	5	2640	10	2560		
7	33	29	77	35	67	8	20	140	31FR	3	3	9196	20	0	2640	5	2630	10	2550		
7	33	29	77	35	67	8	21	140	31FR	3	3	9196	21	0	2560	5	2560	10	2560		
7	33	29	77	35	67	8	22	140	31FR	3	3	9196	22	0	2670	5	2650	10	2640		
7	33	29	77	35	67	8	23	140	31FR	4	3	9196	23	0	2750	5	2730	10	2670	15	2670
7	33	29	77	35	67	8	24	140	31FR	4	3	9196	24	0	2800	5	2770	10	2680	15	2670
7	33	29	77	35	67	8	25	140	31FR	3	3	9196	25	0	2750	5	2720	10	2710		
7	33	29	77	35	67	8	26	140	31FR	4	3	9196	26	0	2770	5	2750	10	2690	15	2660
7	33	29	77	35	67	8	27	140	31FR	4	3	9196	27	0	2790	5	2770	10	2730	15	2640
7	33	29	77	35	67	8	29	140	31FR	3	3	9196	29	0	2730	5	2730	10	2710		
7	33	29	77	35	67	8	30	140	31FR	4	3	9196	30	0	2730	5	2720	10	2730	15	2720
7	33	29	77	35	67	8	31	140	31FR	3	3	9196	31	0	2660	5	2660	10	2660		
7	33	29	77	35	67	9	7	140	31FR	4	3	9216	7	0	2600	5	2600	10	2600	15	2600
7	33	29	77	35	67	9	8	140	31FR	4	3	9216	8	0	2590	5	2580	10	2580	15	2580
7	33	29	77	35	67	9	12	140	31FR	3	3	9216	12	0	2480	5	2480	10	2480		
7	33	29	77	35	67	9	13	140	31FR	3	3	9216	13	0	2470	5	2470	10	2470		
7	33	29	77	35	67	9	14	140	31FR	3	3	9216	14	0	2510	5	2510	10	2510		
7	33	29	77	35	67	9	15	140	31FR	3	3	9216	15	0	2510	5	2510	10	2510		
7	33	29	77	35	67	9	16	140	31FR	3	3	9216	16	0	2510	5	2510	10	2510		
7	33	29	77	35	67	9	17	140	31FR	3	3	9216	17	0	2490	5	2490	10	2490
7	33	29	77	35	67	9	19	140	31FR	3	3	9216	19	0	2460	5	2460	10	2460
7	33	29	77	35	67	9	21	140	31FR	3	3	9216	21	0	2550	5	2510	10	2510
7	33	29	77	35	67	9	22	140	31FR	3	3	9216	22	0	2520	5	2520	10	2520
7	33	29	77	35	67	9	24	140	31FR	3	3	9216	24	0	2540	5	2530	10	2520
7	33	29	77	35	67	9	25	140	31FR	3	3	9216	25	0	2490	5	2490	10	2490
7	33	29	77	35	67	9	26	140	31FR	3	3	9216	26	0	2430	5	2430	10	2430
7	33	29	77	35	67	9	27	140	31FR	3	3	9216	27	0	2440	5	2430	10	2430
7	33	29	77	35	67	9	30	140	31FR	3	3	9216	30	0	2390	5	2400	10	2400
7	33	29	77	35	67	10	1	140	31FR	3	3	9232	1	0	2440	5	2430	10	2430
7	33	29	77	35	67	10	2	140	31FR	3	3	9232	2	0	2380	5	2380	10	2380
7	33	29	77	35	67	10	3	140	31FR	3	3	9232	3	0	2350	5	2350	10	2340
7	33	29	77	35	67	10	4	140	31FR	3	3	9232	4	0	2350	5	2350	10	2350
7	33	29	77	35	67	10	5	140	31FR	3	3	9232	5	0	2380	5	2380	10	2380
7	33	29	77	35	67	10	6	140	31FR	3	3	9232	6	0	2450	5	2450	10	2450
7	33	29	77	35	67	10	7	140	31FR	3	3	9232	7	0	2480	5	2480	10	2480
7	33	29	77	35	67	10	9	140	31FR	3	3	9232	9	0	2420	5	2420	10	2420
7	33	29	77	35	67	10	10	140	31FR	3	3	9232	10	0	2400	5	2400	10	2400
7	33	29	77	35	67	10	11	140	31FR	3	3	9232	11	0	2310	5	2310	10	2300
7	33	29	77	35	67	10	20	140	31FR	3	3	9232	20	0	2230	5	2230	10	2230
7	33	29	77	35	67	10	21	140	31FR	3	3	9232	21	0	2200	5	2190	10	2190
7	33	29	77	35	67	10	22	140	31FR	3	3	9232	22	0	2220	5	2220	10	2220
7	33	29	77	35	67	10	24	140	31FR	3	3	9232	24	0	2300	5	2300	10	2300
7	33	29	77	35	67	10	25	140	31FR	3	3	9232	25	0	2270	5	2270	10	2260
7	33	29	77	35	67	10	26	140	31FR	3	3	9232	26	0	2210	5	2210	10	2210
7	33	29	77	35	67	10	27	140	31FR	3	3	9232	27	0	2220	5	2220	10	2210
7	33	29	77	35	67	10	28	140	31FR	2	3	9232	28	0	2190	5	2190		
7	33	29	77	35	67	10	31	140	31FR	2	3	9232	31	0	2220	5	2220		
7	33	29	77	35	67	11	1	150	31FR	3	3	9245	1	0	2170	5	2170	10	2170
7	33	29	77	35	67	11	2	150	31FR	3	3	9245	2	0	2250	5	2230	10	2210
7	33	29	77	35	67	11	3	150	31FR	3	3	9245	3	0	2320	5	2290	10	2270
7	33	29	77	35	67	11	4	150	31FR	3	3	9245	4	0	2320	5	2320	10	2310
7	33	29	77	35	67	11	5	150	31FR	3	3	9245	5	0	2210	5	2210	10	2210
7	33	29	77	35	67	11	6	150	31FR	3	3	9245	6	0	2080	5	2080	10	2080
7	33	29	77	35	67	11	7	150	31FR	3	3	9245	7	0	2030	5	2020	10	2030
7	33	29	77	35	67	11	8	150	31FR	3	3	9245	8	0	1980	5	1980	10	1980
7	33	29	77	35	67	11	9	150	31FR	3	3	9245	9	0	1920	5	1910	10	1910
7	33	29	77	35	67	11	10	150	31FR	3	3	9245	10	0	2060	5	2060	10	2060
7	33	29	77	35	67	11	11	150	31FR	3	3	9245	11	0	2070	5	2070	10	2070
7	33	29	77	35	67	11	12	150	31FR	3	3	9245	12	0	2140	5	2140	10	2140
7	33	29	77	35	67	11	14	150	31FR	3	3	9245	14	0	2090	5	2090	10	2090
7	33	29	77	35	67	11	17	150	31FR	3	3	9245	17	0	2200	5	2190	10	2190
7	33	29	77	35	67	11	18	150	31FR	3	3	9245	18	0	2090	5	2090	10	2090
7	33	29	77	35	67	11	20	150	31FR	3	3	9245	20	0	1930	5	1920	10	1920
7	33	29	77	35	67	11	21	150	31FR	3	3	9245	21	0	1860	5	1840	10	1840
7	33	29	77	35	67	11	22	150	31FR	3	3	9245	22	0	1790	5	1790	10	1790
7	33	29	77	35	67	12	2	150	31FR	3	3	9253	2	0	2120	5	2120	10	2120
7	33	29	77	35	67	12	5	150	31FR	3	3	9253	5	0	2050	5	2050	10	2050
7	33	29	77	35	67	12	6	150	31FR	3	3	9253	6	0	2110	5	2110	10	2110
7	33	29	77	35	67	12	7	150	31FR	3	3	9253	7	0	2140	5	2140	10	2140
7	33	29	77	35	67	12	8	150	31FR	3	3	9253	8	0	2160	5	2150	10	2150
7	33	29	77	35	67	12	9	150	31FR	3	3	9253	9	0	2170	5	2170	10	2170
7	33	29	77	35	67	12	10	150	31FR	3	3	9253	10	0	2210	5	2210	10	2190
7	33	29	77	35	67	12	13	150	31FR	3	3	9253	13	0	2200	5	2190	10	2110
7	33	29	77	35	67	12	14	150	31FR	3	3	9253	14	0	1900	5	1900	10	1900
7	33	29	77	35	67	12	15	150	31FR	3	3	9253	15	0	1860	5	1860	10	1850
7	33	29	77	35	67	12	16	150	31FR	3	3	9253	16	0	1820	5	1820	10	1810
7	33	29	77	35	67	12	17	150	31FR	3	3	9253	17	0	1830	5	1830	10	1830
7	33	29	77	35	67	12	18	150	31FR	3	3	9253	18	0	1910	5	1910	10	1910
7	33	29	77	35	67	12	19	150	31FR	3	3	9253	19	0	1990	5	1910	10	1870
7	33	29	77	35	67	12	20	150	31FR	3	3	9253	20	0	1960	5	1960	10	1960
7	33	29	77	35	67	12	21	150	31FR	3	3	9253	21	0	2120	5	2030	10	1910
7	33	29	77	35	67	12	24	150	31FR	3	3	9253	24	0	1870	5	1870	10	1870
7	33	29	77	35	67	12	25	150	31FR	3	3	9253	25	0	1830	5	1820	10	1810
7	33	29	77	35	67	12	26	150	31FR	3	3	9253	26	0	1810	5	1820	10	1820		
7	33	29	77	35	67	12	29	150	31FR	3	3	9253	29	0	1820	5	1830	10	1830		
7	33	29	77	35	67	12	31	150	31FR	3	3	9253	31	0	1950	5	1950	10	1830		
7	33	29	77	35	67	12	99	150	31FR	3	3	9253	30	0	1840	5	1850	10	1840		
7	33	29	77	35	68	1	1	150	31FR	3	3	9260	1	0	1970	5	1970	10	1970		
7	33	29	77	35	68	1	3	150	31FR	4	3	9260	3	0	2000	5	2000	10	1830	15	1740
7	33	29	77	35	68	1	4	150	31FR	3	3	9260	4	0	1970	5	1970	10	1970		
7	33	29	77	35	68	1	5	150	31FR	4	3	9260	5	0	1800	5	1790	10	1790	15	1790
7	33	29	77	35	68	1	6	150	31FR	3	3	9260	6	0	1890	5	1890	10	1890		
7	33	29	77	35	68	1	8	150	31FR	3	3	9260	8	0	1700	5	1700	10	1700		
7	33	29	77	35	68	1	9	150	31FR	3	3	9260	9	0	1800	5	1800	10	1800		
7	33	29	77	35	68	1	14	150	31FR	3	3	9260	14	0	1600	5	1600	10	1600		
7	33	29	77	35	68	1	18	150	31FR	3	3	9260	18	0	1510	5	1500	10	1390		
7	33	29	77	35	68	1	22	150	31FR	3	3	9260	22	0	1620	5	1610	10	1600		
7	33	29	77	35	68	1	25	150	31FR	3	3	9260	25	0	1460	5	1470	10	1470		
7	33	29	77	35	68	1	28	150	31FR	3	3	9260	28	0	1640	5	1590	10	1530		
7	33	29	77	35	68	1	29	150	31FR	3	3	9260	29	0	1590	5	1580	10	1560				
7	33	29	77	35	68	1	30	150	31FR	3	3	9260	30	0	1630	5	1610	10	1590				
7	33	29	77	35	68	2	11	150	31FR	3	3	9280	11	0	1380	5	1350	10	1350				
7	33	29	77	35	68	2	15	150	31FR	3	3	9280	15	0	1420	5	1420	10	1420				
7	33	29	77	35	68	2	22	150	31FR	3	3	9280	22	0	1490	5	1500	10	1500				
7	33	29	77	35	68	3	8	150	31FR	3	3	9303	8	0	1610	5	1460	10	1260				
7	33	29	77	35	68	3	15	150	31FR	4	3	9303	15	0	1680	5	1670	10	1670	15	1600		
7	33	29	77	35	68	3	16	150	31FR	4	3	9303	16	0	1700	5	1690	10	1690	15	1680		
7	33	29	77	35	68	3	17	150	31FR	3	3	9303	17	0	1590	5	1590	10	1590				
7	33	29	77	35	68	3	20	150	31FR	5	3	9303	20	0	1600	5	1550	10	1540	15	1520	20	1460
7	33	29	77	35	68	4	29	150	31FR	3	3	9304	29	0	1840	5	1840	10	1840				
7	33	29	77	35	68	5	1	140	31FR	3	3	9316	1	0	1930	5	1920	10	1910				
7	33	29	77	35	68	5	3	140	31FR	4	3	9316	3	0	1990	5	1980	10	1920	15	1940		
7	33	29	77	35	68	5	10	140	31FR	3	3	9316	10	0	2340	5	2310	10	2310				
7	33	29	77	35	68	5	15	140	31FR	4	3	9316	15	0	2240	5	2220	10	2180	15	2190		
7	33	29	77	35	68	5	16	140	31FR	4	3	9316	16	0	2290	5	2250	10	2230	15	2220		
7	33	29	77	35	68	5	17	140	31FR	3	3	9316	17	0	2230	5	2220	10	2210		
7	33	29	77	35	68	5	19	140	31FR	3	3	9316	19	0	2220	5	2220	10	2220		
7	33	29	77	35	68	5	21	140	31FR	4	3	9316	21	0	2180	5	2150	10	2150	15	2130
7	33	29	77	35	68	5	22	140	31FR	3	3	9316	22	0	2190	5	2190	10	2180		
7	33	29	77	35	68	5	23	140	31FR	3	3	9316	23	0	2150	5	2150	10	2150		
7	33	29	77	35	68	5	24	140	31FR	3	3	9316	24	0	2280	5	2270	10	2270		
7	33	29	77	35	68	5	26	140	31FR	4	3	9316	26	0	2280	5	2280	10	2280	15	2280
7	33	29	77	35	68	5	28	140	31FR	3	3	9316	28	0	2270	5	2270	10	2270		
7	33	29	77	35	68	5	29	140	31FR	4	3	9316	29	0	2180	5	2180	10	2180	15	2190
7	33	29	77	35	68	6	1	140	31FR	2	3	9322	1	0	2340	5	2330				
7	33	29	77	35	68	6	2	140	31FR	3	3	9322	2	0	2420	5	2410	10	2390		
7	33	29	77	35	68	6	3	140	31FR	4	3	9322	3	0	2400	5	2380	10	2290	15	2290
7	33	29	77	35	68	6	4	140	31FR	3	3	9322	4	0	2400	5	2390	10	2390		
7	33	29	77	35	68	6	8	140	31FR	3	3	9322	8	0	2530	5	2520	10	2520		
7	33	29	77	35	68	6	10	140	31FR	3	3	9322	10	0	2410	5	2410	10	2410		
7	33	29	77	35	68	6	11	140	31FR	3	3	9322	11	0	2420	5	2420	10	2420		
7	33	29	77	35	68	6	12	140	31FR	4	3	9322	12	0	2440	5	2430	10	2430	15	2410
7	33	29	77	35	68	6	13	140	31FR	4	3	9322	13	0	2470	5	2430	10	2430	15	2420
7	33	29	77	35	68	6	14	140	31FR	3	3	9322	14	0	2460	5	2420	10	2420		
7	33	29	77	35	68	6	18	140	31FR	3	3	9322	18	0	2590	5	2580	10	2580		
7	33	29	77	35	68	6	29	140	31FR	3	3	9322	29	0	2510	5	2480	10	2420		
7	33	29	77	35	68	6	30	140	31FR	4	3	9322	30	0	2500	5	2480	10	2390	15	2370
7	33	29	77	35	68	7	1	140	31FR	4	3	9329	1	0	2570	5	2460	10	2430	15	2410
7	33	29	77	35	68	7	2	140	31FR	3	3	9329	2	0	2730	5	2720	10	2690		
7	33	29	77	35	68	7	3	140	31FR	4	3	9329	3	0	2610	5	2600	10	2440	15	2210
7	33	29	77	35	68	7	4	140	31FR	3	3	9329	4	0	2710	5	2710	10	2330		
7	33	29	77	35	68	7	5	140	31FR	3	3	9329	5	0	2690	5	2680	10	2350		
7	33	29	77	35	68	7	6	140	31FR	3	3	9329	6	0	2610	5	2560	10	2480		
7	32	29	77	35	68	7	7	140	31FR	3	3	9329	7	0	2590	5	2580	10	2360		
7	33	29	77	35	68	7	8	140	31FR	3	3	9329	8	0	2600	5	2600	10	2570		
7	33	29	77	35	68	7	11	140	31FR	3	3	9329	11	0	2630	5	2620	10	2400		
7	33	29	77	35	68	7	12	140	31FR	3	3	9329	12	0	2670	5	2660	10	2380		
7	33	29	77	35	68	7	14	140	31FR	3	3	9329	14	0	2780	5	2770	10	2530		
7	33	29	77	35	68	7	15	140	31FR	3	3	9329	15	0	2670	5	2640	10	2300		
7	33	29	77	35	68	7	16	140	31FR	3	3	9329	16	0	2760	5	2600	10	2110		
7	33	29	77	35	68	7	17	140	31FR	3	3	9329	17	0	2690	5	2660	10	2400		
7	33	29	77	35	68	7	18	140	31FR	3	3	9329	18	0	2720	5	2600	10	2290		
7	33	29	77	35	68	7	19	140	31FR	3	3	9329	19	0	2610	5	2610	10	2580		
7	33	29	77	35	68	7	21	140	31FR	3	3	9329	21	0	2650	5	2620	10	2390		
7	33	29	77	35	68	7	22	142	31FR	3	3	9329	22	0	2820	5	2350	10	2220		
7	33	29	77	35	68	7	23	140	31FR	3	3	9329	23	0	2780	5	2760	10	2730		
7	33	29	77	35	68	7	24	140	31FR	3	3	9329	24	0	2820	5	2810	10	2510		
7	33	29	77	35	68	7	25	140	31FR	3	3	9329	25	0	2810	5	2810	10	2280		
7	33	29	77	35	68	7	29	148	31FR	3	3	9329	29	0	2850	5	2780	10	2210		
7	33	29	77	35	68	7	30	140	31FR	3	3	9329	30	0	2890	5	2870	10	2300		
7	33	29	77	35	68	7	31	140	31FR	3	3	9329	31	0	2750	5	2750	10	2600		
7	33	29	77	35	68	8	1	140	31FR	4	3	9343	1	0	2760	5	2670	10	2330	15	2280
7	33	29	77	35	68	8	3	140	31FR	4	3	9343	3	0	2880	5	2810	10	2320	15	2320
7	33	29	77	35	68	8	4	140	31FR	3	3	9343	4	0	3020	5	2990	10	2350								
7	33	29	77	35	68	8	6	140	31FR	3	3	9343	6	0	3010	5	3000	10	2550								
7	33	29	77	35	68	8	13	140	31FR	3	3	9343	13	0	2600	5	2540	10	2350								
7	33	29	77	35	68	8	15	140	31FR	3	3	9343	15	0	2690	5	2630	10	2210								
7	33	29	77	35	68	8	17	140	31FR	3	3	9343	17	0	2690	5	2590	10	2200								
7	33	29	77	35	68	8	19	140	31FR	3	3	9343	19	0	2670	5	2600	10	2450								
7	33	29	77	35	68	8	20	140	31FR	3	3	9343	20	0	2830	5	2590	10	2460								
7	33	29	77	35	68	8	23	140	31FR	4	3	9343	23	0	2830	5	2800	10	2420	15	2420						
7	33	29	77	35	68	8	26	140	31FR	6	3	9343	26	0	2740	5	2150	10	1850	15	1590	20	1510	25	1480		
7	33	29	77	35	68	8	27	140	31FR	4	3	9343	27	0	2870	5	2850	10	2380	15	2290						
7	33	29	77	35	68	8	29	140	31FR	7	3	9343	29	0	2850	5	2550	10	1820	15	1700	20	1530	25	1500	30	1490
7	33	29	77	35	68	8	31	140	31FR	7	3	9343	31	0	2640	5	2020	10	1840	15	1620	20	1530	25	1500	30	1490
7	33	29	77	35	68	9	3	140	31FR	3	3	9377	3	0	2700	5	2690	10	2690								
7	33	29	77	35	68	9	6	140	31FR	4	3	9377	6	0	2730	5	2730	10	2730	15	2720						
7	33	29	77	35	68	9	7	140	31FR	4	3	9377	7	0	2710	5	2710	10	2700	15	2700						
7	33	29	77	35	68	9	13	140	31FR	3	3	9377	13	0	2710	5	2710	10	2700								
7	33	29	77	35	68	9	24	140	31FR	4	3	9377	24	0	2710	5	2700	10	2700	15	2700
7	33	29	77	35	68	9	25	140	31FR	4	3	9377	25	0	2670	5	2660	10	2660	15	2650
7	33	29	77	35	68	9	26	140	31FR	4	3	9377	26	0	2760	5	2760	10	2760	15	2750
7	33	29	77	35	68	9	27	140	31FR	3	3	9377	27	0	2770	5	2760	10	2770		
7	33	29	77	35	68	10	1	140	31FR	3	3	9378	1	0	2720	5	2720	10	2720		
7	33	29	77	35	68	10	2	140	31FR	3	3	9378	2	0	2720	5	2720	10	2720		
7	33	29	77	35	68	10	3	140	31FR	3	3	9378	3	0	2710	5	2710	10	2710		
7	33	29	77	35	68	10	10	140	31FR	4	3	9378	10	0	2580	5	2520	10	2510	15	2500
7	33	29	77	35	68	10	12	140	31FR	3	3	9378	12	0	2540	5	2530	10	2520		
7	33	29	77	35	68	10	22	140	31FR	3	3	9378	20	0	2490	5	2480	10	2480		
7	33	29	77	35	68	10	30	150	31FR	3	3	9378	28	0	2230	5	2230	10	2230		
7	33	29	77	35	68	11	1	150	31FR	4	3	9391	1	0	2300	5	2290	10	2290	15	2280
7	33	29	77	35	68	11	2	150	31FR	3	3	9391	2	0	2320	5	2320	10	2320		
7	33	29	77	35	68	11	3	150	31FR	3	3	9391	3	0	2320	5	2320	10	2320		
7	33	29	77	35	68	11	4	150	31FR	3	3	9391	4	0	2300	5	2290	10	2290		
7	33	29	77	35	68	11	6	150	31FR	4	3	9391	6	0	2190	5	2140	10	2140	15	2110
7	33	29	77	35	68	11	9	150	31FR	4	3	9391	9	0	2110	5	2100	10	2100	15	2100						
7	33	29	77	35	68	11	11	150	31FR	4	3	9391	11	0	2100	5	2100	10	2100	15	2100						
7	33	29	77	35	68	11	14	150	31FR	4	3	9391	14	0	1820	5	1810	10	1800	15	1790						
7	33	29	77	35	68	11	15	150	31FR	3	3	9391	15	0	1810	5	1810	10	1810								
7	33	29	77	35	68	11	16	150	31FR	3	3	9391	16	0	1880	5	1820	10	1820								
7	33	29	77	35	68	12	19	150	31FR	7	3	9399	19	0	1460	5	1460	10	1400	15	1340	20	1340	25	1380	30	1390
7	33	29	77	35	68	12	26	150	31FR	3	3	9399	26	0	1240	5	1240	10	1240								
7	33	29	77	35	68	12	30	150	31FR	4	3	9399	30	0	1490	5	1480	10	1480	15	1480						
7	33	29	77	35	69	1	2	150	31FR	3	3	9408	2	0	1300	5	1300	10	1300								
7	33	29	77	35	69	1	3	150	31FR	3	3	9408	3	0	1340	5	1340	10	1340								
7	33	29	77	35	69	1	6	150	31FR	4	3	9408	6	0	1290	5	1290	10	1290	15	1290						
7	33	29	77	35	69	1	8	150	31FR	3	3	9408	8	0	810	5	820	10	820								
7	33	29	77	35	69	2	12	150	31FR	3	3	9427	12	0	1330	5	1330	10	1330								
7	33	29	77	35	69	2	13	150	31FR	3	3	9427	13	0	1400	5	1400	10	1400								
7	33	29	77	35	69	6	1	140	31FR	4	3	9476	1	0	2390	5	2320	10	2300	15	2270						
7	33	29	77	35	69	8	13	140	31FR	3	3	9486	7	0	2500	5	2500	10	2500								
7	33	29	77	35	69	8	16	140	31FR	3	3	9486	10	0	2670	5	2630	10	2500
7	33	29	77	35	69	9	1	140	31FR	3	3	27007	1	0	2530	5	2510	10	2530
7	33	29	77	35	69	9	16	140	31FR	3	3	27007	16	0	2580	5	2570	10	2570
7	33	29	77	35	69	11	27	150	31FR	2	3	27018	27	0	2250	5	2260		
7	33	29	77	35	69	12	1	150	31FR	3	3	27034	1	0	2070	5	2070	10	2070
7	33	29	77	35	69	12	4	150	31FR	3	3	27034	4	0	1710	5	1710	10	1710
7	33	29	77	35	69	12	5	150	31FR	3	3	27034	5	0	1530	5	1530	10	1530
7	33	29	77	35	69	12	9	150	31FR	2	3	27034	9	0	1740	5	1740		
7	33	29	77	35	69	12	16	150	31FR	3	3	27034	16	0	1490	5	1500	10	1510
7	33	29	77	35	69	12	23	150	31FR	3	3	27034	23	0	1560	5	1560	10	1550
7	33	29	77	35	69	12	25	150	31FR	3	3	27034	25	0	1380	5	1390	10	1390
7	33	29	77	35	70	1	15	150	31FR	3	3	27035	15	0	1500	5	1480	10	1340
7	33	29	77	35	70	1	20	150	31FR	3	3	27035	20	0	1100	5	1110	10	1100
7	33	29	77	35	70	1	22	150	31FR	3	3	27035	22	0	1040	5	1040	10	1040
7	33	29	77	35	70	1	23	150	31FR	3	3	27035	23	0	1480	5	1450	10	1320
7	33	29	77	35	70	1	24	150	31FR	3	3	27035	24	0	1250	5	1270	10	1270
7	33	29	77	35	70	1	25	150	31FR	3	3	27035	25	0	1030	5	1020	10	1010		
7	33	29	77	35	70	1	26	150	31FR	2	3	27035	26	0	1720	5	1720				
7	33	29	77	35	70	1	27	150	31FR	4	3	27035	27	0	1890	5	1870	10	1860	15	1850
7	33	29	77	35	70	2	5	150	31FR	4	3	27071	3	0	1520	5	1520	10	1510	15	1510
7	33	29	77	35	70	2	6	150	31FR	3	3	27071	4	0	1400	5	1400	10	1300		
7	33	29	77	35	70	2	7	150	31FR	3	3	27071	5	0	1260	5	1260	10	1260		
7	33	29	77	35	70	2	8	150	31FR	3	3	27071	6	0	1230	5	1190	10	1190		
7	33	29	77	35	70	2	10	150	31FR	3	3	27071	8	0	1350	5	1570	10	1560		
7	33	29	77	35	70	2	12	150	31FR	3	3	27071	10	0	1000	5	1000	10	1000		
7	33	29	77	35	70	2	13	150	31FR	3	3	27071	11	0	1000	5	1000	10	1000		
7	33	29	77	35	70	2	14	150	31FR	3	3	27071	12	0	1100	5	1100	10	1310		
7	33	29	77	35	70	2	17	150	31FR	3	3	27071	15	0	1000	5	1010	10	1010		
7	33	29	77	35	70	2	18	150	31FR	3	3	27071	16	0	1020	5	1020	10	1020		
7	33	29	77	35	70	2	19	150	31FR	3	3	27071	17	0	1030	5	1030	10	1030		
7	33	29	77	35	70	2	20	150	31FR	3	3	27071	18	0	1050	5	1050	10	1050		
7	33	29	77	35	70	2	21	150	31FR	3	3	27071	19	0	1020	5	1030	10	1150		
7	33	29	77	35	70	2	22	150	31FR	4	3	27071	20	0	1100	5	1330	10	1370	15	1380
7	33	29	77	35	70	2	23	150	31FR	4	3	27071	21	0	1300	5	1300	10	1300	15	1300
7	33	29	77	35	70	2	24	150	31FR	3	3	27071	22	0	1150	5	1270	10	1290		
7	33	29	77	35	70	2	25	150	31FR	3	3	27071	23	0	1450	5	1450	10	1450		
7	33	29	77	35	70	2	26	150	31FR	4	3	27071	24	0	1270	5	1260	10	1250	15	1250
7	33	29	77	35	70	2	28	150	31FR	4	3	27071	26	0	1730	5	1680	10	1610	15	1600
7	33	29	77	35	70	3	1	150	31FR	4	3	27079	1	0	1800	5	1730	10	1510	15	1490
7	33	29	77	35	70	3	2	150	31FR	3	3	27079	2	0	1850	5	1840	10	1500		
7	33	29	77	35	70	3	3	150	31FR	3	3	27079	3	0	1610	5	1570	10	1570		
7	33	29	77	35	70	3	4	150	31FR	3	3	27079	4	0	1410	5	1390	10	1400		
7	33	29	77	35	70	3	5	150	31FR	4	3	27079	5	0	1630	5	1630	10	1420	15	1410
7	33	29	77	35	70	3	6	150	31FR	3	3	27079	6	0	1200	5	1190	10	1190		
7	33	29	77	35	70	3	7	150	31FR	3	3	27079	7	0	1130	5	1080	10	1070		
7	33	29	77	35	70	3	8	150	31FR	3	3	27079	8	0	1100	5	1090	10	1090		
7	33	29	77	35	70	3	10	150	31FR	3	3	27079	9	0	1950	5	1950	10	1960		
7	33	29	77	35	70	3	11	150	31FR	3	3	27079	10	0	1920	5	1920	10	1920		
7	33	29	77	35	70	3	12	150	31FR	3	3	27079	11	0	1260	5	1270	10	1280		
7	33	29	77	35	70	3	13	150	31FR	3	3	27079	12	0	1270	5	1280	10	1290		
7	33	29	77	35	70	3	14	150	31FR	3	3	27079	13	0	1170	5	1170	10	1170		
7	33	29	77	35	70	3	15	150	31FR	3	3	27079	14	0	1170	5	1160	10	1150		
7	33	29	77	35	70	3	16	150	31FR	3	3	27079	15	0	1240	5	1240	10	1240		
7	33	29	77	35	70	3	17	150	31FR	3	3	27079	16	0	1240	5	1240	10	1240		
7	33	29	77	35	70	3	18	150	31FR	3	3	27079	17	0	1270	5	1250	10	1280		
7	33	29	77	35	70	3	19	99*	31FR	3	3	27079	18	0	1180	5	1160	10	1160		
7	33	29	77	35	70	3	20	190	31FR	3	3	27079	19	0	1250	5	1230	10	1230		
7	32	29	77	35	70	3	21	150	31FR	3	3	27079	20	0	1280	5	1280	10	1270		
7	33	29	77	35	70	3	22	150	31FR	4	3	27079	21	0	1250	5	1240	10	1240	15	1250
7	33	29	77	35	70	3	23	150	31FR	3	3	27079	22	0	1250	5	1250	10	1250		
7	33	29	77	35	70	3	24	150	31FR	3	3	27079	23	0	1220	5	1220	10	1220		
7	33	29	77	35	70	3	25	99*	31FR	4	3	27079	24	0	1300	5	1310	10	1340	15	1340
7	33	29	77	35	70	3	26	150	31FR	4	3	27079	25	0	1400	5	1380	10	1380	15	1380
7	33	29	77	35	70	3	27	150	31FR	3	3	27079	26	0	1300	5	1300	10	1300		
7	33	29	77	35	70	3	28	160	31FR	3	3	27079	27	0	1300	5	1300	10	1300
7	33	29	77	35	70	3	29	150	31FR	3	3	27079	28	0	1440	5	1320	10	1320
7	33	29	77	35	70	3	30	200	31FR	3	3	27079	29	0	1310	5	1310	10	1310
7	33	29	77	35	70	3	31	150	31FR	3	3	27079	30	0	1380	5	1370	10	1340
7	33	29	77	35	70	4	2	150	31FR	3	3	27078	2	0	1680	5	1680	10	1670
7	33	29	77	35	70	4	3	150	31FR	3	3	27078	3	0	1370	5	1360	10	1350
7	33	29	77	35	70	4	4	150	31FR	3	3	27078	4	0	1510	5	1510	10	1510
7	33	29	77	35	70	4	5	150	31FR	3	3	27078	5	0	1630	5	1630	10	1630
7	33	29	77	35	70	4	6	150	31FR	3	3	27078	6	0	1390	5	1390	10	1400
7	33	29	77	35	70	4	7	150	31FR	3	3	27078	7	0	1370	5	1390	10	1390
7	33	29	77	35	70	4	8	150	31FR	3	3	27078	8	0	1470	5	1410	10	1410
7	33	29	77	35	70	4	9	150	31FR	3	3	27078	9	0	1450	5	1450	10	1450
7	33	29	77	35	70	4	10	150	31FR	3	3	27078	10	0	1680	5	1680	10	1680
7	33	29	77	35	70	4	11	150	31FR	3	3	27078	11	0	1620	5	1670	10	1690
7	33	29	77	35	70	4	12	150	31FR	3	3	27078	12	0	1700	5	1710	10	1710
7	33	29	77	35	70	4	13	150	31FR	3	3	27078	13	0	1620	5	1620	10	1620
7	33	29	77	35	70	4	14	150	31FR	3	3	27078	14	0	1580	5	1570	10	1570		
7	33	29	77	35	70	4	15	150	31FR	3	3	27078	15	0	1610	5	1610	10	1610		
7	33	29	77	35	70	4	16	150	31FR	3	3	27078	16	0	1620	5	1620	10	1620		
7	33	29	77	35	70	4	17	150	31FR	3	3	27078	17	0	1630	5	1620	10	1620		
7	33	29	77	35	70	4	18	150	31FR	3	3	27078	18	0	1700	5	1690	10	1690		
7	33	29	77	35	70	4	19	150	31FR	3	3	27078	19	0	1740	5	1740	10	1750		
7	33	29	77	35	70	4	20	150	31FR	3	3	27078	20	0	1750	5	1730	10	1730		
7	33	29	77	35	70	4	21	150	31FR	3	3	27078	21	0	1700	5	1710	10	1720		
7	33	29	77	35	70	4	22	150	31FR	3	3	27078	22	0	1710	5	1710	10	1720		
7	33	29	77	35	70	4	23	150	31FR	4	3	27078	23	0	1900	5	1770	10	1740	15	1730
7	33	29	77	35	70	4	24	150	31FR	3	3	27078	24	0	1900	5	1840	10	1770		
7	33	29	77	35	70	4	25	150	31FR	3	3	27078	25	0	1810	5	1810	10	1770		
7	33	29	77	35	70	4	26	140	31FR	4	3	27078	26	0	1930	5	1880	10	1820	15	1810
7	33	29	77	35	70	4	27	140	31FR	4	3	27078	27	0	1950	5	1870	10	1840	15	1830
7	33	29	77	35	70	4	28	140	31FR	4	3	27078	28	0	1980	5	1900	10	1830	15	1820
7	33	29	77	35	70	4	29	140	31FR	3	3	27078	29	0	1950	5	1940	10	1870		
7	33	29	77	35	70	4	30	140	31FR	3	3	27078	30	0	1920	5	1920	10	1860		
7	33	29	77	35	70	5	1	140	31FR	3	3	27100	1	0	2460	5	2400	10	2270		
7	33	29	77	35	70	5	2	140	31FR	3	3	27100	2	0	2520	5	2490	10	2280		
7	33	29	77	35	70	5	3	140	31FR	3	3	27100	3	0	2190	5	2130	10	1900		
7	33	29	77	35	70	5	4	140	31FR	3	3	27100	4	0	2120	5	2110	10	1990		
7	33	29	77	35	70	5	5	140	31FR	3	3	27100	5	0	2110	5	2100	10	2060		
7	33	29	77	35	70	5	6	140	31FR	3	3	27100	6	0	2000	5	2010	10	2020		
7	33	29	77	35	70	5	7	140	31FR	3	3	27100	7	0	1940	5	1940	10	1900		
7	33	29	77	35	70	5	8	140	31FR	3	3	27100	8	0	2300	5	2250	10	2230		
7	33	29	77	35	70	5	9	140	31FR	3	3	27100	9	0	2080	5	2080	10	2080		
7	33	29	77	35	70	5	10	140	31FR	3	3	27100	10	0	2350	5	2340	10	2340		
7	33	29	77	35	70	5	11	140	31FR	4	3	27100	11	0	2300	5	2250	10	2230	15	2230
7	33	29	77	35	70	5	12	140	31FR	3	3	27100	12	0	2260	5	2320	10	2320		
7	33	29	77	35	70	5	13	140	31FR	4	3	27100	13	0	2300	5	2300	10	2240	15	2220
7	33	29	77	35	70	5	14	140	31FR	4	3	27100	14	0	2190	5	2180	10	2100	15	2100
7	33	29	77	35	70	5	15	140	31FR	4	3	27100	15	0	2300	5	2290	10	2240	15	2210
7	33	29	77	35	70	5	16	140	31FR	4	3	27100	16	0	2310	5	2300	10	2220	15	2190
7	33	29	77	35	70	5	17	140	31FR	4	3	27100	17	0	2370	5	2370	10	2360	15	2250
7	33	29	77	35	70	5	18	140	31FR	3	3	27100	18	0	2290	5	2290	10	2290		
7	33	29	77	35	70	5	19	140	31FR	3	3	27100	19	0	2280	5	2280	10	2280		
7	33	29	77	35	70	5	20	140	31FR	4	3	27100	20	0	2320	5	2320	10	2320	15	2320
7	33	29	77	35	70	5	21	110	31FR	4	3	27100	21	0	2300	5	2300	10	2300	15	2300
7	33	29	77	35	70	5	22	110	31FR	4	3	27100	22	0	2300	5	2310	10	2270	15	2210
7	33	29	77	35	70	5	23	110	31FR	3	3	27100	23	0	2370	5	2360	10	2200		
7	33	29	77	35	70	5	24	110	31FR	3	3	27100	24	0	2370	5	2350	10	2330		
7	33	29	77	35	70	5	25	110	31FR	3	3	27100	25	0	2390	5	2390	10	2390		
7	33	29	77	35	70	5	26	210	31FR	3	3	27100	26	0	2320	5	2320	10	2320		
7	33	29	77	35	70	5	27	110	31FR	4	3	27100	27	0	2320	5	2320	10	2320	15	2310
7	33	29	77	35	70	5	29	99*	31FR	3	3	27100	29	0	2220	5	2210	10	2140		
7	33	29	77	35	70	5	30	99*	31FR	3	3	27100	30	0	2180	5	2180	10	2180		
7	33	29	77	35	70	5	31	99*	31FR	3	3	27100	31	0	2300	5	2270	10	2270		
7	33	29	77	35	70	6	13	99*	31FR	4	3	27077	13	0	2500	5	2480	10	2440	15	2440
7	33	29	77	35	70	6	14	110	31FR	4	3	27077	14	0	2470	5	2470	10	2470	15	2470
7	33	29	77	35	70	6	15	110	31FR	3	3	27077	15	0	2480	5	2480	10	2480		
7	33	29	77	35	70	6	16	105	31FR	3	3	27077	16	0	2480	5	2480	10	2480		
7	33	29	77	35	70	6	17	105	31FR	4	3	27077	17	0	2480	5	2480	10	2480	15	2480
7	33	29	77	35	70	6	18	120	31FR	3	3	27077	18	0	2510	5	2510	10	2510		
7	33	29	77	35	70	6	19	100	31FR	3	3	27077	19	0	2510	5	2510	10	2510		
7	33	29	77	35	70	6	20	100	31FR	4	3	27077	20	0	2540	5	2520	10	2510	15	2500
7	33	29	77	35	70	6	21	100	31FR	4	3	27077	21	0	2520	5	2520	10	2520	15	2530
7	33	29	77	35	70	6	22	100	31FR	3	3	27077	22	0	2610	5	2600	10	2570		
7	33	29	77	35	70	6	23	99*	31FR	3	3	27077	23	0	2600	5	2500	10	2480		
7	33	29	77	35	70	6	24	100	31FR	4	3	27077	24	0	2600	5	2590	10	2540	15	2540
7	33	29	77	35	70	6	26	113	31FR	3	3	27077	26	0	2670	5	2680	10	2590		
7	33	29	77	35	70	6	27	105	31FR	3	3	27077	27	0	2550	5	2530	10	2480		
7	33	29	77	35	70	6	28	120	31FR	3	3	27077	28	0	2530	5	2510	10	2490		
7	33	29	77	35	70	6	29	100	31FR	3	3	27077	29	0	2580	5	2580	10	2580		
7	33	29	77	35	70	6	30	107	31FR	3	3	27077	30	0	2550	5	2550	10	2550		
7	33	29	77	35	70	7	1	105	31FR	4	3	27075	1	0	2560	5	2550	10	2560	15	2540
7	33	29	77	35	70	7	2	100	31FR	4	3	27075	2	0	2600	5	2580	10	2390	15	2390
7	33	29	77	35	70	7	3	110	31FR	3	3	27075	3	0	2620	5	2620	10	2430		
7	33	29	77	35	70	7	4	130	31FR	4	3	27075	4	0	2620	5	2620	10	2440	15	2380
7	33	29	77	35	70	7	5	115	31FR	4	3	27075	5	0	2640	5	2640	10	2400	15	2390
7	33	29	77	35	70	7	6	115	31FR	3	3	27075	6	0	2630	5	2620	10	2430		
7	33	29	77	35	70	7	7	115	31FR	3	3	27075	7	0	2550	5	2520	10	2490		
7	33	29	77	35	70	7	8	100	31FR	3	3	27075	8	0	2550	5	2520	10	2480		
7	33	29	77	35	70	7	10	120	31FR	3	3	27075	10	0	2700	5	2660	10	2520		
7	33	29	77	35	70	7	11	140	31FR	3	3	27075	11	0	2650	5	2650	10	2480		
7	33	29	77	35	70	7	29	125	31FR	3	3	27075	29	0	2780	5	2770	10	2470		
7	33	29	77	35	70	7	30	115	31FR	3	3	27075	30	0	2710	5	2710	10	2620		
7	33	29	77	35	70	7	31	105	31FR	4	3	27075	31	0	2730	5	2730	10	2600	15	2370
7	33	29	77	35	70	8	1	100	31FR	4	3	27097	1	0	2640	5	2630	10	2620	15	2600
7	33	29	77	35	70	8	2	120	31FR	4	3	27097	2	0	2620	5	2620	10	2610	15	2490
7	33	29	77	35	70	8	3	107	31FR	4	3	27097	3	0	2690	5	2680	10	2460	15	2430
7	33	29	77	35	70	8	4	111	31FR	4	3	27097	4	0	2740	5	2720	10	2640	15	2420
7	33	29	77	35	70	8	5	102	31FR	4	3	27097	5	0	2690	5	2630	10	2320	15	2320
7	33	29	77	35	70	8	6	85	31FR	4	3	27097	6	0	2780	5	2800	10	2620	15	2400
7	33	29	77	35	70	8	7	111	31FR	3	3	27097	7	0	2700	5	2700	10	2700		
7	33	29	77	35	70	8	8	111	31FR	4	3	27097	8	0	2730	5	2700	10	2530	15	2370
7	33	29	77	35	70	8	9	105	31FR	3	3	27097	9	0	2690	5	2690	10	2690		
7	33	29	77	35	70	8	10	120	31FR	3	3	27097	10	0	2660	5	2650	10	2550		
7	33	29	77	35	70	8	11	146	31FR	3	3	27097	11	0	2680	5	2660	10	2620		
7	33	29	77	35	70	8	12	230	31FR	3	3	27097	12	0	2610	5	2610	10	2610		
7	33	29	77	35	70	8	13	165	31FR	4	3	27097	13	0	2610	5	2610	10	2610	15	2610
7	33	29	77	35	70	8	14	120	31FR	3	3	27097	14	0	2650	5	2620	10	2620		
7	33	29	77	35	70	8	15	162	31FR	4	3	27097	15	0	2640	5	2620	10	2620	15	2620
7	33	29	77	35	70	8	16	120	31FR	4	3	27097	16	0	2630	5	2630	10	2630	15	2630
7	33	29	77	35	70	8	17	230	31FR	4	3	27097	17	0	2620	5	2620	10	2620	15	2620
7	33	29	77	35	70	8	18	200	31FR	4	3	27097	18	0	2610	5	2610	10	2590	15	2550
7	33	29	77	35	70	8	19	170	31FR	4	3	27097	19	0	2680	5	2640	10	2460	15	2450
7	33	29	77	35	70	8	22	100	31FR	3	3	27097	21	0	2680	5	2680	10	2600		
7	33	29	77	35	70	8	23	100	31FR	3	3	27097	22	0	2690	5	2680	10	2630		
7	33	29	77	35	70	8	26	105	31FR	3	3	27097	25	0	2630	5	2620	10	2600		
7	33	29	77	35	70	8	27	110	31FR	3	3	27097	26	0	2600	5	2590	10	2500		
7	33	29	77	35	70	8	28	110	31FR	4	3	27097	27	0	2690	5	2680	10	2560	15	2410
7	33	29	77	35	70	8	29	105	31FR	4	3	27097	28	0	2790	5	2780	10	2740	15	2500
7	33	29	77	35	70	8	30	110	31FR	4	3	27097	29	0	2650	5	2620	10	2610	15	2420
7	33	29	77	35	70	8	31	110	31FR	4	3	27097	30	0	2880	5	2880	10	2760	15	2690
7	33	29	77	35	70	9	1	120	31FR	3	3	27140	1	0	2690	5	2680	10	2360		
7	33	29	77	35	70	9	4	120	31FR	3	3	27140	4	0	2730	5	2680	10	2490		
7	33	29	77	35	70	9	14	120	31FR	3	3	27140	14	0	2660	5	2670	10	2660		
7	33	29	77	35	70	9	18	135	31FR	3	3	27140	18	0	2880	5	2880	10	2840		
7	33	29	77	35	70	9	19	99*	31FR	3	3	27140	19	0	2790	5	2790	10	2790		
7	33	29	77	35	70	9	20	125	31FR	3	3	27140	20	0	2710	5	2710	10	2700		
7	33	29	77	35	70	9	21	120	31FR	3	3	27140	21	0	2660	5	2670	10	2650		
7	33	29	77	35	70	9	22	120	31FR	3	3	27140	22	0	2670	5	2670	10	2670		
7	33	29	77	35	70	10	1	120	31FR	3	3	27132	1	0	2620	5	2620	10	2630		
7	33	29	77	35	70	10	2	130	31FR	4	3	27132	2	0	2590	5	2590	10	2590	15	2590
7	33	29	77	35	70	10	3	130	31FR	4	3	27132	3	0	2470	5	2540	10	2540	15	2560
7	33	29	77	35	70	10	4	130	31FR	3	3	27132	4	0	2700	5	2710	10	2710		
7	33	29	77	35	70	10	5	120	31FR	2	3	27132	5	0	2360	5	2370				
7	33	29	77	35	70	10	6	130	31FR	4	3	27132	6	0	2660	5	2670	10	2670	15	2670
7	33	29	77	35	70	10	7	130	31FR	3	3	27132	7	0	2660	5	2660	10	2650		
7	33	29	77	35	70	10	8	130	31FR	4	3	27132	8	0	2590	5	2640	10	2640	15	2640
7	33	29	77	35	70	10	9	99*	31FR	3	3	27132	9	0	2300	5	2300	10	2300		
7	33	29	77	35	70	10	11	99*	31FR	4	3	27132	11	0	2690	5	2690	10	2690	15	2690
7	33	29	77	35	70	10	16	156	31FR	4	3	27132	16	0	2660	5	2620	10	2630	15	2630
7	33	29	77	35	70	10	18	155	31FR	3	3	27132	17	0	2430	5	2430	10	2430		
7	33	29	77	35	70	10	19	125	31FR	3	3	27132	18	0	2410	5	2410	10	2410		
7	33	29	77	35	70	10	20	155	31FR	3	3	27132	19	0	2420	5	2420	10	2420		
7	33	29	77	35	70	10	21	125	31FR	3	3	27132	20	0	2420	5	2420	10	2430		
7	33	29	77	35	70	10	22	155	31FR	2	3	27132	21	0	2300	5	2300				
7	33	29	77	35	70	10	23	155	31FR	3	3	27132	22	0	2430	5	2430	10	2430		
7	33	29	77	35	70	10	24	95	31FR	4	3	27132	23	0	2290	5	2290	10	2290	15	2290
7	33	29	77	35	70	10	25	140	31FR	3	3	27132	24	0	2430	5	2430	10	2430		
7	33	29	77	35	70	10	26	90	31FR	3	3	27132	25	0	2410	5	2410	10	2430		
7	33	29	77	35	70	10	28	160	31FR	3	3	27132	27	0	2310	5	2310	10	2310		
7	33	29	77	35	70	10	29	205	31FR	4	3	27132	28	0	2270	5	2260	10	2270	15	2270
7	33	29	77	35	70	11	2	150	31FR	4	3	27139	2	0	2500	5	2500	10	2500	15	2500
7	33	29	77	35	70	11	3	130	31FR	4	3	27139	3	0	2600	5	2600	10	2590	15	2450
7	33	29	77	35	70	11	6	135	31FR	3	3	27139	6	0	2110	5	2110	10	2110		
7	33	29	77	35	70	11	7	99*	31FR	4	3	27139	7	0	2090	5	2100	10	2100	15	2100
7	33	29	77	35	70	11	8	130	31FR	4	3	27139	8	0	2040	5	2040	10	2040	15	2040
7	33	29	77	35	70	11	9	140	31FR	3	3	27139	9	0	2050	5	2050	10	2050		
7	33	29	77	35	70	11	10	125	31FR	4	3	27139	10	0	2130	5	2130	10	2130	15	2070
7	33	29	77	35	70	11	14	120	31FR	4	3	27139	13	0	2170	5	2150	10	2120	15	2110
7	33	29	77	35	70	11	18	99*	31FR	4	3	27139	17	0	2010	5	2010	10	2010	15	2010
7	33	29	77	35	70	11	19	115	31FR	3	3	27139	18	0	2120	5	2120	10	2120		
7	33	29	77	35	70	11	21	115	31FR	4	3	27139	20	0	2090	5	2090	10	1980	15	1950
7	33	29	77	35	70	11	22	115	31FR	3	3	27139	21	0	1910	5	1910	10	1910		
7	33	29	77	35	70	11	25	120	31FR	4	3	27139	24	0	1690	5	1690	10	1700	15	1700
7	33	29	77	35	70	11	26	99*	31FR	4	3	27139	25	0	1660	5	1670	10	1670	15	1670
7	33	29	77	35	70	11	29	120	31FR	4	3	27139	28	0	1720	5	1720	10	1720	15	1710
7	33	29	77	35	70	11	30	99*	31FR	4	3	27139	29	0	1670	5	1680	10	1680	15	1690
7	33	29	77	35	70	12	2	120	31FR	4	3	27141	2	0	1430	5	1430	10	1430	15	1430
7	33	29	77	35	70	12	3	120	31FR	4	3	27141	3	0	1420	5	1420	10	1420	15	1420
7	33	29	77	35	70	12	8	120	31FR	3	3	27141	7	0	1320	5	1320	10	1320		
7	33	29	77	35	70	12	10	105	31FR	3	3	27141	9	0	2000	5	2000	10	2000		
7	33	29	77	35	70	12	11	99*	31FR	3	3	27141	10	0	2040	5	2040	10	2040		
7	33	29	77	35	70	12	12	133	31FR	4	3	27141	11	0	2110	5	2110	10	2110	15	2110
7	33	29	77	35	70	12	13	115	31FR	4	3	27141	12	0	2100	5	2100	10	2100	15	2100
7	33	29	77	35	70	12	15	140	31FR	3	3	27141	14	0	2050	5	2040	10	2040		
7	33	29	77	35	70	12	18	99*	31FR	3	3	27141	16	0	2110	5	2110	10	2110		
7	33	29	77	35	70	12	21	130	31FR	3	3	27141	19	0	1790	5	1790	10	1790		
7	33	29	77	35	70	12	22	127	31FR	4	3	27141	20	0	1720	5	1730	10	1730	15	1730
7	33	29	77	35	70	12	23	125	31FR	4	3	27141	21	0	1660	5	1650	10	1660	15	1650
7	33	29	77	35	70	12	24	123	31FR	2	3	27141	22	0	1880	5	1880				
7	33	29	77	35	70	12	25	125	31FR	4	3	27141	23	0	1820	5	1830	10	1840	15	1830
7	33	29	77	35	70	12	26	122	31FR	3	3	27141	24	0	1880	5	1890	10	1890		
7	33	29	77	35	70	12	27	99*	31FR	4	3	27141	25	0	1810	5	1810	10	1810	15	1810
7	33	29	77	35	70	12	28	125	31FR	4	3	27141	26	0	1720	5	1720	10	1720	15	1720
7	33	29	77	35	70	12	29	99*	31FR	4	3	27141	27	0	1690	5	1690	10	1690	15	1670
7	33	29	77	35	70	12	30	99*	31FR	4	3	27141	28	0	1640	5	1660	10	1680	15	1680
7	33	29	77	35	70	12	31	99*	31FR	4	3	27141	29	0	1900	5	1930	10	1930	15	1660
7	33	29	77	35	71	1	3	123	31FR	4	3	23825	1	0	1580	5	1580	10	1580	15	1570
7	33	29	77	35	71	1	6	125	31FR	4	3	23825	2	0	1810	5	1810	10	1810	15	1810
7	33	29	77	35	71	1	22	150	31FR	3	3	23825	3	0	1270	5	1270	10	1270		
7	33	29	77	35	71	1	26	150	31FR	4	3	23825	4	0	980	5	980	10	980	15	980
7	33	29	77	35	71	1	28	150	31FR	4	3	23825	5	0	1030	5	1030	10	1030	15	1030
7	33	29	77	35	71	1	31	150	31FR	4	3	23825	6	0	1390	5	1340	10	1340	15	1350
7	33	29	77	35	71	2	1	150	31FR	4	3	23826	1	0	1240	5	1240	10	1240	15	1240
7	33	29	77	35	71	2	4	150	31FR	4	3	23826	2	0	1450	5	1450	10	1450	15	1440
7	33	29	77	35	71	2	5	150	31FR	4	3	23826	3	0	1450	5	1450	10	1450	15	1450
7	33	29	77	35	71	2	6	150	31FR	3	3	23826	4	0	1450	5	1450	10	1450		
7	33	29	77	35	71	2	7	150	31FR	4	3	23826	5	0	1340	5	1320	10	1320	15	1330
7	33	29	77	35	71	2	8	150	31FR	4	3	23826	6	0	1460	5	1450	10	1420	15	1420
7	33	29	77	35	71	3	6	150	31FR	4	3	23827	1	0	1370	5	1340	10	1330	15	1330
7	33	29	77	35	71	3	9	120	31FR	4	3	23827	2	0	1160	5	1210	10	1320	15	1320
7	33	29	77	35	71	3	11	120	31FR	4	3	23827	3	0	1300	5	1310	10	1320	15	1320
7	33	29	77	35	71	3	12	120	31FR	4	3	23827	4	0	1340	5	1360	10	1360	15	1370
7	33	29	77	35	71	3	14	120	31FR	4	3	23827	5	0	1390	5	1380	10	1360	15	1350
7	33	29	77	35	71	3	16	120	31FR	4	3	23827	6	0	1390	5	1380	10	1380	15	1380
7	33	29	77	35	71	3	19	120	31FR	4	3	23827	7	0	1360	5	1370	10	1370	15	1370
7	33	29	77	35	71	3	22	120	31FR	4	3	23827	8	0	1260	5	1270	10	1310	15	1360
7	33	29	77	35	71	3	23	120	31FR	4	3	23827	9	0	1210	5	1240	10	1280	15	1280
7	33	29	77	35	71	3	25	120	31FR	4	3	23827	10	0	1270	5	1350	10	1350	15	1350
7	33	29	77	35	71	3	28	120	31FR	4	3	23827	11	0	1420	5	1560	10	1560	15	1560		
7	33	29	77	35	71	3	31	120	31FR	4	3	23827	12	0	1500	5	1500	10	1500	15	1500		
7	33	29	77	35	71	4	16	150	31FR	4	3	23828	1	0	1550	5	1520	10	1510	15	1520		
7	33	29	77	35	71	4	17	160	31FR	4	3	23828	2	0	1650	5	1650	10	1690	15	1690		
7	33	29	77	35	71	4	18	150	31FR	4	3	23828	3	0	1590	5	1590	10	1570	15	1580		
7	33	29	77	35	71	4	19	180	31FR	4	3	23828	4	0	1650	5	1630	10	1510	15	1430		
7	33	29	77	35	71	4	20	150	31FR	4	3	23828	5	0	1640	5	1640	10	1600	15	1400		
7	33	29	77	35	71	4	22	150	31FR	4	3	23828	6	0	1600	5	1600	10	1600	15	1600		
7	33	29	77	35	71	4	23	150	31FR	4	3	23828	7	0	1620	5	1620	10	1620	15	1620		
7	33	29	77	35	71	4	24	180	31FR	4	3	23828	8	0	1710	5	1740	10	1760	15	1770		
7	33	29	77	35	71	4	25	170	31FR	4	3	23828	9	0	1760	5	1740	10	1740	15	1750		
7	33	29	77	35	71	4	26	150	31FR	5	3	23828	10	0	1760	5	1770	10	1810	15	1800	20	1780
7	33	29	77	35	71	4	27	160	31FR	4	3	23828	11	0	1750	5	1750	10	1750	15	1750		
7	33	29	77	35	71	4	28	180	31FR	3	3	23828	12	0	1760	5	1760	10	1760				
7	33	29	77	35	71	4	29	170	31FR	4	3	23828	13	0	1780	5	1740	10	1740	15	1740		
7	33	29	77	35	71	4	30	150	31FR	4	3	23828	14	0	1730	5	1730	10	1730	15	1730		
7	33	29	77	35	71	5	1	150	31FR	4	3	23829	1	0	1570	5	1550	10	1540	15	1530
7	33	29	77	35	71	5	3	150	31FR	4	3	23829	2	0	1750	5	1750	10	1750	15	1750
7	33	29	77	35	71	5	5	150	31FR	4	3	23829	3	0	1680	5	1720	10	1770	15	1770
7	33	29	77	35	71	5	8	150	31FR	4	3	23829	4	0	1800	5	1800	10	1810	15	1820
7	33	29	77	35	71	5	9	150	31FR	4	3	23829	5	0	1860	5	1860	10	1850	15	1850
7	33	29	77	35	71	5	10	150	31FR	4	3	23829	6	0	1840	5	1820	10	1780	15	1780
7	33	29	77	35	71	5	11	150	31FR	4	3	23829	7	0	1860	5	1850	10	1850	15	1850
7	33	29	77	35	71	5	12	150	31FR	4	3	23829	8	0	2020	5	2010	10	1970	15	1970
7	33	29	77	35	71	5	17	140	31FR	4	3	23829	9	0	2080	5	2060	10	2140	15	2130
7	33	29	77	35	71	5	20	140	31FR	4	3	23829	10	0	2160	5	2150	10	2090	15	2090
7	33	29	77	35	71	5	25	140	31FR	4	3	23829	11	0	2190	5	2180	10	2170	15	2170
7	33	29	77	35	71	5	26	140	31FR	4	3	23829	12	0	2200	5	2200	10	2170	15	2170
7	33	29	77	35	71	5	27	140	31FR	4	3	23829	13	0	2190	5	2090	10	2080	15	2080
7	33	29	77	35	71	5	29	140	31FR	4	3	23829	14	0	2230	5	2160	10	2010	15	2010
7	33	29	77	35	71	5	30	140	31FR	4	3	23829	15	0	2010	5	2010	10	1980	15	1990
7	33	29	77	35	71	5	31	140	31FR	4	3	23829	16	0	2030	5	2010	10	2030	15	2040
7	33	29	77	35	71	6	1	140	31FR	4	3	23830	1	0	2160	5	2060	10	2040	15	2070
7	33	29	77	35	71	6	2	140	31FR	4	3	23830	2	0	2350	5	2200	10	2130	15	2140
7	33	29	77	35	71	6	3	140	31FR	4	3	23830	3	0	2290	5	2270	10	2130	15	2120
7	33	29	77	35	71	6	4	140	31FR	3	3	23830	4	0	2340	5	2330	10	2110		
7	33	29	77	35	71	6	5	140	31FR	4	3	23830	5	0	2390	5	2330	10	2160	15	2150
7	33	29	77	35	71	6	7	140	31FR	4	3	23830	6	0	2460	5	2420	10	2270	15	2080
7	33	29	77	35	71	6	8	140	31FR	4	3	23830	7	0	2470	5	2250	10	2120	15	2120
7	33	29	77	35	71	6	9	140	31FR	4	3	23830	8	0	2420	5	2360	10	2350	15	2350
7	33	29	77	35	71	6	10	140	31FR	4	3	23830	9	0	2430	5	2430	10	2420	15	2410
7	33	29	77	35	71	6	11	140	31FR	4	3	23830	10	0	2560	5	2560	10	2520	15	2260
7	33	29	77	35	71	6	12	140	31FR	4	3	23830	11	0	2490	5	2490	10	2470	15	2450
7	33	29	77	35	71	6	13	140	31FR	4	3	23830	12	0	2520	5	2580	10	2580	15	2580
7	33	29	77	35	71	6	15	140	31FR	4	3	23830	13	0	2250	5	2170	10	2200	15	2210
7	33	29	77	35	71	6	16	140	31FR	4	3	23830	14	0	2280	5	2250	10	2160	15	2160
7	33	29	77	35	71	6	17	140	31FR	4	3	23830	15	0	2420	5	2400	10	2370	15	2330
7	33	29	77	35	71	6	20	140	31FR	4	3	23830	16	0	2470	5	2470	10	2460	15	2350
7	33	29	77	35	71	6	21	140	31FR	3	3	23830	17	0	2470	5	2450	10	2420		
7	33	29	77	35	71	6	22	140	31FR	3	3	23830	18	0	2460	5	2450	10	2440		
7	33	29	77	35	71	6	23	140	31FR	4	3	23830	19	0	2460	5	2430	10	2390	15	2390
7	33	29	77	35	71	6	24	140	31FR	4	3	23830	20	0	2340	5	2350	10	2330	15	2330
7	33	29	77	35	71	6	25	140	31FR	4	3	23830	21	0	2460	5	2410	10	2380	15	2380
7	33	29	77	35	71	6	26	140	31FR	4	3	23830	22	0	2590	5	2570	10	2560	15	2560
7	33	29	77	35	71	6	27	140	31FR	3	3	23830	23	0	2510	5	2510	10	2500		
7	33	29	77	35	71	6	28	140	31FR	4	3	23830	24	0	2500	5	2460	10	2410	15	2410
7	33	29	77	35	71	6	29	140	31FR	3	3	23830	25	0	2420	5	2410	10	2400		
7	33	29	77	35	71	6	30	140	31FR	4	3	23830	26	0	2720	5	2700	10	2580	15	2560
7	33	29	77	35	71	7	1	140	31FR	4	3	23831	1	0	2810	5	2800	10	2640	15	2640
7	33	29	77	35	71	7	3	140	31FR	3	3	23831	2	0	2530	5	2530	10	2440		
7	33	29	77	35	71	7	4	140	31FR	3	3	23831	3	0	2690	5	2690	10	2690		
7	33	29	77	35	71	7	5	140	31FR	4	3	23831	4	0	2670	5	2670	10	2670	15	2670
7	33	29	77	35	71	7	7	140	31FR	3	3	23831	5	0	2780	5	2760	10	2730		
7	33	29	77	35	71	7	23	140	31FR	3	3	23831	6	0	2680	5	2610	10	2470		
7	33	29	77	35	71	7	24	140	31FR	3	3	23831	7	0	2720	5	2720	10	2330
7	33	29	77	35	71	7	25	140	31FR	3	3	23831	8	0	2720	5	2700	10	2390
7	33	29	77	35	71	7	26	140	31FR	3	3	23831	9	0	2720	5	2280	10	2130
7	33	29	77	35	71	7	28	140	31FR	3	3	23831	10	0	2720	5	2670	10	2270
7	33	29	77	35	71	7	29	140	31FR	3	3	23831	11	0	2690	5	2590	10	2260
7	33	29	77	35	71	7	30	140	31FR	3	3	23831	12	0	2670	5	2230	10	2170
7	33	29	77	35	71	8	1	140	31FR	3	3	23832	1	0	2710	5	2690	10	2210
7	33	29	77	35	71	8	2	140	31FR	3	3	23832	2	0	2730	5	2720	10	2270
7	33	29	77	35	71	8	3	140	31FR	3	3	23832	3	0	2720	5	2720	10	2220
7	33	29	77	35	71	8	4	140	31FR	3	3	23832	4	0	2760	5	2730	10	2480
7	33	29	77	35	71	8	6	140	31FR	3	3	23832	5	0	2760	5	2760	10	2730
7	33	29	77	35	71	8	7	140	31FR	3	3	23832	6	0	2780	5	2770	10	2390
7	33	29	77	35	71	8	8	140	31FR	3	3	23832	7	0	2810	5	2770	10	2520
7	33	29	77	35	71	8	9	140	31FR	3	3	23832	8	0	2800	5	2690	10	2540
7	33	29	77	35	71	8	10	140	31FR	3	3	23832	9	0	2810	5	2780	10	2540
7	33	29	77	35	71	8	11	140	31FR	3	3	23832	10	0	2810	5	2770	10	2570
7	33	29	77	35	71	8	12	140	31FR	3	3	23832	11	0	2830	5	2830	10	2690
7	33	29	77	35	71	8	13	140	31FR	3	3	23832	12	0	2780	5	2750	10	2670
7	33	29	77	35	71	8	14	140	31FR	3	3	23832	13	0	2750	5	2730	10	2680
7	33	29	77	35	71	8	15	140	31FR	3	3	23832	14	0	2730	5	2720	10	2690
7	33	29	77	35	71	8	16	140	31FR	3	3	23832	15	0	2720	5	2720	10	2710
7	33	29	77	35	71	8	19	140	31FR	3	3	23832	16	0	2640	5	2640	10	2640
7	33	29	77	35	71	8	20	140	31FR	3	3	23832	17	0	2660	5	2660	10	2660
7	33	29	77	35	71	8	21	140	31FR	3	3	23832	18	0	2710	5	2690	10	2610
7	33	29	77	35	71	8	22	140	31FR	3	3	23832	19	0	2760	5	2730	10	2540
7	33	29	77	35	71	8	23	140	31FR	3	3	23832	20	0	2760	5	2750	10	2560
7	33	29	77	35	71	8	24	140	31FR	3	3	23832	21	0	2670	5	2670	10	2570
7	33	29	77	35	71	8	25	140	31FR	3	3	23832	22	0	2720	5	2680	10	2540
7	33	29	77	35	71	8	26	140	31FR	3	3	23832	23	0	2720	5	2720	10	2720
7	33	29	77	35	71	8	29	140	31FR	3	3	23832	24	0	2660	5	2630	10	2470
7	33	29	77	35	71	8	30	140	31FR	3	3	23832	25	0	2650	5	2640	10	2600
7	33	29	77	35	71	8	31	140	31FR	3	3	23832	26	0	2660	5	2630	10	2610
7	33	29	77	35	71	9	1	140	31FR	3	3	23833	1	0	2680	5	2670	10	2620		
7	33	29	77	35	71	9	2	140	31FR	3	3	23833	2	0	2660	5	2660	10	2630		
7	33	29	77	35	71	9	3	140	31FR	3	3	23833	3	0	2640	5	2620	10	2570		
7	33	29	77	35	71	9	4	140	31FR	3	3	23833	4	0	2670	5	2670	10	2640		
7	33	29	77	35	71	9	5	140	31FR	3	3	23833	5	0	2670	5	2670	10	2660		
7	33	29	77	35	71	9	6	140	31FR	4	3	23833	6	0	2690	5	2660	10	2650	15	2660
7	33	29	77	35	71	9	7	140	31FR	4	3	23833	7	0	2660	5	2660	10	2660	15	2660
7	33	29	77	35	71	9	8	140	31FR	4	3	23833	8	0	2630	5	2630	10	2620	15	2610
7	33	29	77	35	71	9	9	140	31FR	4	3	23833	9	0	2630	5	2630	10	2630	15	2630
7	33	29	77	35	71	9	10	140	31FR	4	3	23833	10	0	2720	5	2720	10	2720	15	2720
7	33	29	77	35	71	9	11	140	31FR	4	3	23833	11	0	2710	5	2710	10	2710	15	2710
7	33	29	77	35	71	9	12	140	31FR	4	3	23833	12	0	2700	5	2700	10	2700	15	2700
7	33	29	77	35	71	9	13	140	31FR	3	3	23833	13	0	2720	5	2720	10	2720		
7	33	29	77	35	71	9	14	140	31FR	4	3	23833	14	0	2720	5	2720	10	2720	15	2720
7	33	29	77	35	71	9	15	140	31FR	3	3	23833	15	0	2690	5	2690	10	2690		
7	33	29	77	35	71	9	16	140	31FR	3	3	23833	16	0	2660	5	2660	10	2660		
7	33	29	77	35	71	9	18	140	31FR	4	3	23833	17	0	2670	5	2670	10	2670	15	2670
7	33	29	77	35	71	9	19	140	31FR	4	3	23833	18	0	2710	5	2710	10	2710	15	2710
7	33	29	77	35	71	9	20	140	31FR	4	3	23833	19	0	2700	5	2700	10	2700	15	2710
7	33	29	77	35	71	9	21	140	31FR	3	3	23833	20	0	2750	5	2750	10	2750		
7	33	29	77	35	71	9	22	140	31FR	4	3	23833	21	0	2730	5	2730	10	2730	15	2730
7	33	29	77	35	71	9	23	140	31FR	4	3	23833	22	0	2760	5	2760	10	2760	15	2760
7	33	29	77	35	71	9	24	140	31FR	4	3	23833	23	0	2730	5	2730	10	2730	15	2730
7	33	29	77	35	71	9	25	140	31FR	4	3	23833	24	0	2730	5	2730	10	2730	15	2730
7	33	29	77	35	71	9	26	140	31FR	4	3	23833	25	0	2620	5	2620	10	2620	15	2620
7	33	29	77	35	71	9	27	140	31FR	4	3	23833	26	0	2630	5	2630	10	2630	15	2630
7	33	29	77	35	71	9	28	140	31FR	4	3	23833	27	0	2620	5	2620	10	2620	15	2620
7	33	29	77	35	71	10	5	140	31FR	4	3	23834	1	0	2590	5	2580	10	2570	15	2570
7	33	29	77	35	71	10	12	140	31FR	4	3	23834	4	0	2500	5	2500	10	2500	15	2500
7	33	29	77	35	71	10	13	140	31FR	4	3	23834	5	0	2490	5	2490	10	2490	15	2490
7	33	29	77	35	71	10	14	140	31FR	4	3	23834	6	0	2490	5	2490	10	2490	15	2490
7	33	29	77	35	71	10	15	140	31FR	4	3	23834	7	0	2550	5	2550	10	2550	15	2550
7	33	29	77	35	71	10	16	140	31FR	3	3	23834	8	0	2580	5	2580	10	2580		
7	33	29	77	35	71	10	17	140	31FR	4	3	23834	9	0	2520	5	2520	10	2520	15	2520
7	33	29	77	35	71	10	18	140	31FR	4	3	23834	10	0	2490	5	2490	10	2490	15	2490
7	33	29	77	35	71	10	19	140	31FR	4	3	23834	11	0	2490	5	2490	10	2490	15	2490
7	33	29	77	35	71	10	20	140	31FR	4	3	23834	12	0	2480	5	2480	10	2480	15	2480
7	33	29	77	35	71	10	22	140	31FR	4	3	23834	13	0	2510	5	2510	10	2510	15	2540
7	33	29	77	35	71	10	23	140	31FR	4	3	23834	14	0	2540	5	2540	10	2540	15	2540
7	33	29	77	35	71	10	24	140	31FR	4	3	23834	15	0	2560	5	2560	10	2560	15	2560
7	33	29	77	35	71	10	26	140	31FR	4	3	23834	16	0	2480	5	2480	10	2480	15	2480
7	33	29	77	35	71	10	27	140	31FR	4	3	23834	17	0	2510	5	2490	10	2480	15	2430
7	33	29	77	35	71	10	29	140	31FR	4	3	23834	18	0	2550	5	2540	10	2540	15	2540
7	33	29	77	35	71	10	30	140	31FR	3	3	23834	19	0	2530	5	2530	10	2540		
7	33	29	77	35	71	10	31	150	31FR	4	3	23834	20	0	2310	5	2310	10	2310	15	2310
7	33	29	77	35	71	11	1	150	31FR	4	3	23835	1	0	2280	5	2280	10	2280	15	2320
7	33	29	77	35	71	11	2	150	31FR	4	3	23835	2	0	2370	5	2370	10	2370	15	2370
7	33	29	77	35	71	11	3	150	31FR	4	3	23835	3	0	2320	5	2320	10	2320	15	2320
7	33	29	77	35	71	11	5	150	31FR	4	3	23835	4	0	2340	5	2340	10	2330	15	2330
7	33	29	77	35	71	11	6	150	31FR	4	3	23835	5	0	2320	5	2320	10	2320	15	2320
7	33	29	77	35	71	11	7	150	31FR	4	3	23835	6	0	2290	5	2290	10	2290	15	2290
7	33	29	77	35	71	11	8	150	31FR	4	3	23835	7	0	2370	5	2360	10	2360	15	2360
7	33	29	77	35	71	11	9	150	31FR	4	3	23835	8	0	2350	5	2350	10	2350	15	2350
7	33	29	77	35	71	11	12	150	31FR	2	3	23835	9	0	2270	5	2270				
7	33	29	77	35	71	11	13	150	31FR	4	3	23835	10	0	2230	5	2230	10	2230	15	2260
7	33	29	77	35	71	11	14	150	31FR	3	3	23835	11	0	2240	5	2250	10	2260		
7	33	29	77	35	71	11	15	140	31FR	4	3	23835	12	0	2210	5	2190	10	2180	15	2180
7	33	29	77	35	71	11	16	140	31FR	4	3	23835	13	0	2180	5	2180	10	2180	15	2180
7	33	29	77	35	71	11	17	140	31FR	4	3	23835	14	0	2050	5	2050	10	2050	15	2050
7	33	29	77	35	71	11	18	140	31FR	4	3	23835	15	0	2270	5	2270	10	2270	15	2270
7	33	29	77	35	71	11	19	140	31FR	3	3	23835	16	0	2270	5	2250	10	2240		
7	33	29	77	35	71	11	21	140	31FR	4	3	23835	17	0	2170	5	2170	10	2170	15	2170
7	33	29	77	35	71	11	22	140	31FR	3	3	23835	18	0	1930	5	1930	10	1930		
7	33	29	77	35	71	11	23	140	31FR	3	3	23835	19	0	1810	5	1810	10	1790		
7	33	29	77	35	71	11	30	140	31FR	4	3	23835	21	0	1890	5	1890	10	1890	15	1890
7	33	29	77	35	71	12	24	140	31FR	4	3	23836	1	0	1980	5	1980	10	1970	15	1960
7	33	29	77	35	71	12	25	140	31FR	4	3	23836	2	0	1930	5	1920	10	1920	15	1930
7	33	29	77	35	72	1	5	140	31FR	2	3	23898	3	0	1870	5	1870				
7	33	29	77	35	72	1	7	140	31FR	4	3	23898	5	0	1890	5	1890	10	1890	15	1900
7	33	29	77	35	72	1	9	140	31FR	4	3	23898	6	0	2110	5	2110	10	2110	15	2110
7	33	29	77	35	72	1	10	140	31FR	4	3	23898	7	0	1990	5	1990	10	1990	15	1990
7	33	29	77	35	72	1	11	140	31FR	4	3	23898	8	0	1770	5	1770	10	1770	15	1770
7	33	29	77	35	72	1	12	140	31FR	4	3	23898	9	0	1690	5	1740	10	1760	15	1780
7	33	29	77	35	72	1	14	140	31FR	4	3	23898	11	0	1880	5	1890	10	1890	15	1890
7	33	29	77	35	72	1	15	140	31FR	4	3	23898	12	0	1660	5	1660	10	1660	15	1660
7	33	29	77	35	72	1	17	140	31FR	4	3	23898	13	0	1870	5	1870	10	1870	15	1870
7	33	29	77	35	72	1	18	140	31FR	4	3	23898	14	0	1880	5	1880	10	1880	15	1890
7	33	29	77	35	72	1	19	140	31FR	4	3	23898	15	0	1870	5	1870	10	1850	15	1840
7	33	29	77	35	72	1	20	140	31FR	4	3	23898	16	0	1890	5	1880	10	1780	15	1770
7	33	29	77	35	72	1	21	140	31FR	4	3	23898	17	0	1870	5	1870	10	1790	15	1720
7	33	29	77	35	72	1	22	140	31FR	4	3	23898	18	0	2040	5	2040	10	1680	15	1660
7	33	29	77	35	72	1	23	140	31FR	4	3	23898	19	0	1620	5	1620	10	1620	15	1620
7	33	29	77	35	72	1	24	140	31FR	4	3	23898	20	0	2010	5	2010	10	1950	15	1830
7	33	29	77	35	72	1	25	140	31FR	3	3	23898	21	0	1650	5	1650	10	1660		
7	33	29	77	35	72	1	26	140	31FR	4	3	23898	22	0	1440	5	1440	10	1440	15	1440
7	33	29	77	35	72	1	27	140	31FR	3	3	23898	23	0	1790	5	1790	10	1790		
7	33	29	77	35	72	1	31	140	31FR	3	3	23898	24	0	1770	5	1770	10	1770		
7	33	29	77	35	72	2	1	140	31FR	4	3	23899	1	0	1960	5	1960	10	1940	15	1890
7	33	29	77	35	72	2	3	140	31FR	4	3	23899	2	0	1570	5	1570	10	1570	15	1570
7	33	29	77	35	72	2	4	140	31FR	4	3	23899	3	0	1760	5	1760	10	1760	15	1760
7	33	29	77	35	72	2	7	140	31FR	4	3	23899	6	0	1760	5	1760	10	1760	15	1760
7	33	29	77	35	72	2	8	140	31FR	3	3	23899	7	0	1470	5	1470	10	1470		
7	33	29	77	35	72	2	10	140	31FR	2	3	23899	9	0	1450	5	1460				
7	33	29	77	35	72	2	12	140	31FR	2	3	23899	11	0	1830	5	1840				
7	33	29	77	35	72	2	14	140	31FR	4	3	23899	13	0	1640	5	1650	10	1650	15	1660
7	33	29	77	35	72	5	15	140	31FR	4	3	23902	1	0	2080	5	2100	10	2110	15	2120
7	33	29	77	35	72	5	16	140	31FR	4	3	23902	2	0	2140	5	2140	10	2140	15	2140
7	33	29	77	35	72	5	17	140	31FR	4	3	23902	3	0	2130	5	2120	10	2110	15	2110
7	33	29	77	35	72	5	18	140	31FR	4	3	23902	4	0	2110	5	2110	10	2110	15	2110
7	33	29	77	35	72	5	27	140	31FR	3	3	23902	5	0	1980	5	1980	10	1980		
7	33	29	77	35	72	5	31	140	31FR	2	3	23902	7	0	2280	5	2270				
7	33	29	77	35	72	6	1	140	31FR	2	3	23903	1	0	2230	5	2230				
7	33	29	77	35	72	6	7	140	31FR	3	3	23903	3	0	2240	5	2260	10	2270		
7	33	29	77	35	72	6	8	140	31FR	3	3	23903	4	0	2340	5	2340	10	2340		
7	33	29	77	35	72	6	9	140	31FR	3	3	23903	5	0	2430	5	2430	10	2430		
7	33	29	77	35	72	6	10	140	31FR	3	3	23903	6	0	2360	5	2360	10	2360		
7	33	29	77	35	72	6	11	140	31FR	4	3	23903	7	0	2230	5	2230	10	2230	15	2230
7	33	29	77	35	72	6	12	140	31FR	4	3	23903	8	0	2240	5	2240	10	2240	15	2240
7	33	29	77	35	72	6	13	140	31FR	4	3	23903	9	0	2230	5	2280	10	2280	15	2280
7	33	29	77	35	72	6	14	140	31FR	4	3	23903	10	0	2410	5	2410	10	2410	15	2410
7	33	29	77	35	72	6	15	140	31FR	4	3	23903	11	0	2340	5	2320	10	2320	15	2330
7	33	29	77	35	72	6	16	140	31FR	4	3	23903	12	0	2350	5	2350	10	2350	15	2350
7	33	29	77	35	72	6	17	140	31FR	4	3	23903	13	0	2450	5	2440	10	2430	15	2420
7	33	29	77	35	72	6	18	140	31FR	4	3	23903	14	0	2530	5	2530	10	2520	15	2470
7	33	29	77	35	72	6	19	140	31FR	4	3	23903	15	0	2510	5	2520	10	2530	15	2530
7	33	29	77	35	72	6	20	140	31FR	4	3	23903	16	0	2510	5	2510	10	2510	15	2510
7	33	29	77	35	72	6	24	130	31FR	4	3	23903	17	0	2410	5	2410	10	2410	15	2410
7	33	29	77	35	72	6	25	135	31FR	4	3	23903	18	0	2360	5	2360	10	2360	15	2360
7	33	29	77	35	72	6	26	130	31FR	4	3	23903	19	0	2370	5	2370	10	2370	15	2370
7	33	29	77	35	72	6	28	130	31FR	4	3	23903	20	0	2480	5	2440	10	2440	15	2440
7	33	29	77	35	72	6	30	130	31FR	4	3	23903	21	0	2480	5	2480	10	2480	15	2480
7	33	29	77	35	72	7	2	130	31FR	4	3	23904	1	0	2420	5	2410	10	2390	15	2370
7	33	29	77	35	72	7	3	130	31FR	3	3	23904	2	0	2520	5	2520	10	2380		
7	33	29	77	35	72	7	13	110	31FR	4	3	23904	9	0	2580	5	2580	10	2580	15	2580
7	33	29	77	35	72	7	14	125	31FR	4	3	23904	10	0	2570	5	2570	10	2570	15	2570
7	33	29	77	35	72	7	15	107	31FR	3	3	23904	11	0	2600	5	2620	10	2630		
7	33	29	77	35	72	7	16	107	31FR	4	3	23904	12	0	2680	5	2680	10	2680	15	2680
7	33	29	77	35	72	7	17	107	31FR	4	3	23904	13	0	2730	5	2730	10	2730	15	2730
7	33	29	77	35	72	7	18	105	31FR	3	3	23904	14	0	2790	5	2760	10	2690		
7	33	29	77	35	72	7	19	110	31FR	3	3	23904	15	0	2790	5	2750	10	2690		
7	33	29	77	35	72	7	20	110	31FR	4	3	23904	16	0	2790	5	2720	10	2610	15	2590
7	33	29	77	35	72	7	22	110	31FR	2	3	23904	17	0	2790	5	2730				
7	33	29	77	35	72	8	4	70	31FR	4	3	23905	1	0	2690	5	2660	10	2390	15	2380
7	33	29	77	35	72	8	5	75	31FR	3	3	23905	2	0	2770	5	2760	10	2480		
7	33	29	77	35	72	8	6	105	31FR	4	3	23905	3	0	2690	5	2690	10	2660	15	2240
7	33	29	77	35	72	8	7	70	31FR	4	3	23905	4	0	2810	5	2810	10	2770	15	2570
7	33	29	77	35	72	8	8	70	31FR	4	3	23905	5	0	2760	5	2780	10	2430	15	2390
7	33	29	77	35	72	8	9	70	31FR	4	3	23905	6	0	2680	5	2670	10	2590	15	2560
7	33	29	77	35	72	8	10	70	31FR	4	3	23905	7	0	2680	5	2660	10	2490	15	2480
7	33	29	77	35	72	8	11	70	31FR	4	3	23905	8	0	2590	5	2590	10	2580	15	2590
7	33	29	77	35	72	8	12	70	31FR	4	3	23905	9	0	2570	5	2570	10	2560	15	2510
7	33	29	77	35	72	8	13	75	31FR	4	3	23905	10	0	2590	5	2590	10	2580	15	2570
7	33	29	77	35	72	8	14	70	31FR	4	3	23905	11	0	2660	5	2650	10	2530	15	2420
7	33	29	77	35	72	8	15	75	31FR	4	3	23905	12	0	2590	5	2590	10	2560	15	2490
7	33	29	77	35	72	8	16	70	31FR	4	3	23905	13	0	2630	5	2630	10	2620	15	2570
7	33	29	77	35	72	8	17	70	31FR	3	3	23905	14	0	2630	5	2630	10	2630		
7	33	29	77	35	72	8	21	70	31FR	4	3	23905	17	0	2630	5	2630	10	2630	15	2630
7	33	29	77	35	72	8	25	70	31FR	2	3	23905	19	0	2670	5	2680				
7	33	29	77	35	72	9	15	110	31FR	4	3	23906	14	0	2660	5	2660	10	2660	15	2660
7	33	29	77	35	72	9	16	110	31FR	3	3	23906	15	0	2630	5	2630	10	2630		
7	33	29	77	35	72	9	20	125	31FR	4	3	23906	16	0	2610	5	2610	10	2610	15	2610
7	33	29	77	35	72	9	21	110	31FR	4	3	23906	17	0	2600	5	2600	10	2600	15	2600
7	33	29	77	35	72	9	22	110	31FR	3	3	23906	18	0	2580	5	2580	10	2580		
7	33	29	77	35	72	10	9	110	31FR	4	3	23907	9	0	2480	5	2480	10	2480	15	2480
7	33	29	77	35	72	10	10	110	31FR	3	3	23907	10	0	2500	5	2500	10	2500		
7	33	29	77	35	72	10	11	110	31FR	4	3	23907	11	0	2510	5	2510	10	2510	15	2510
7	33	29	77	35	72	10	12	110	31FR	4	3	23907	12	0	2510	5	2510	10	2510	15	2510
7	33	29	77	35	72	10	13	110	31FR	3	3	23907	13	0	2560	5	2560	10	2560		
7	33	29	77	35	72	10	14	110	31FR	3	3	23907	14	0	2560	5	2560	10	2560		
7	33	29	77	35	72	10	15	110	31FR	4	3	23907	15	0	2610	5	2630	10	2640	15	2640
7	33	29	77	35	72	10	16	110	31FR	3	3	23907	16	0	2680	5	2680	10	2680		
7	33	29	77	35	72	10	17	110	31FR	4	3	23907	17	0	2610	5	2610	10	2610	15	2610
7	33	29	77	35	72	10	19	110	31FR	4	3	23907	18	0	2780	5	2780	10	2780	15	2780
7	33	29	77	35	72	10	20	110	31FR	3	3	23907	19	0	2700	5	2700	10	2700		
7	33	29	77	35	72	10	21	110	31FR	3	3	23907	20	0	2630	5	2630	10	2630		
7	33	29	77	35	72	10	22	110	31FR	4	3	23907	21	0	2420	5	2420	10	2420	15	2420
7	33	29	77	35	72	10	23	110	31FR	4	3	23907	22	0	2530	5	2530	10	2530	15	2540
7	33	29	77	35	72	10	24	110	31FR	4	3	23907	23	0	2470	5	2470	10	2470	15	2470
7	33	29	77	35	72	10	25	110	31FR	3	3	23907	24	0	2480	5	2490	10	2500		
7	33	29	77	35	72	10	26	110	31FR	3	3	23907	25	0	2380	5	2390	10	2390		
7	33	29	77	35	72	10	27	110	31FR	3	3	23907	26	0	2330	5	2330	10	2330		
7	33	29	77	35	72	10	28	110	31FR	3	3	23907	27	0	2390	5	2390	10	2390		
7	33	29	77	35	72	10	29	120	31FR	3	3	23907	28	0	2380	5	2380	10	2380		
7	33	29	77	35	72	10	30	120	31FR	3	3	23907	29	0	2280	5	2290	10	2300		
7	33	29	77	35	72	10	31	120	31FR	3	3	23907	30	0	1930	5	1930	10	1930		
7	33	29	77	35	72	11	1	70	31FR	3	3	23908	1	0	2060	5	2060	10	2060		
7	33	29	77	35	72	11	4	70	31FR	3	3	23908	2	0	2510	5	2510	10	2520		
7	33	29	77	35	72	11	7	70	31FR	4	3	23908	3	0	2410	5	2410	10	2410	15	2410
7	33	29	77	35	72	11	8	70	31FR	3	3	23908	4	0	2310	5	2330	10	2330		
7	33	29	77	35	72	11	9	70	31FR	3	3	23908	5	0	2280	5	2280	10	2280		
7	33	29	77	35	72	11	10	70	31FR	3	3	23908	6	0	2120	5	2120	10	2120		
7	33	29	77	35	72	11	11	70	31FR	3	3	23908	7	0	2040	5	2040	10	2040		
7	33	29	77	35	72	11	12	70	31FR	3	3	23908	8	0	1940	5	1940	10	1940		
7	33	29	77	35	72	11	13	70	31FR	3	3	23908	9	0	1630	5	1630	10	1630		
7	33	29	77	35	72	11	14	70	31FR	3	3	23908	10	0	1670	5	1670	10	1680		
7	33	29	77	35	72	11	16	70	31FR	3	3	23908	11	0	1870	5	1880	10	1880		
7	33	29	77	35	72	12	25	120	31FR	4	3	23909	1	0	2190	5	2190	10	2110	15	2050
7	33	29	77	35	72	12	27	120	31FR	4	3	23909	2	0	2050	5	2050	10	2050	15	2050
7	33	29	77	35	72	12	28	120	31FR	4	3	23909	3	0	2060	5	2060	10	2060	15	2060
7	33	29	77	35	72	12	29	120	31FR	4	3	23909	4	0	1970	5	1970	10	1970	15	1970
7	33	29	77	35	72	12	30	120	31FR	4	3	23909	5	0	2150	5	2150	10	2150	15	2150
7	33	29	77	35	72	12	31	120	31FR	4	3	23909	6	0	2160	5	2160	10	2160	15	2160
7	33	29	77	35	73	1	1	120	31FR	4	3	23910	1	0	2180	5	2180	10	2180	15	2180
7	33	29	77	35	73	1	3	120	31FR	4	3	23910	2	0	2180	5	2180	10	2180	15	2180
7	33	29	77	35	73	1	4	120	31FR	3	3	23910	3	0	2240	5	2240	10	2230		
7	33	29	77	35	73	1	5	120	31FR	4	3	23910	4	0	2230	5	2230	10	2220	15	2220
7	33	29	77	35	73	1	6	120	31FR	4	3	23910	5	0	2180	5	2180	10	2170	15	2160
7	33	29	77	35	73	1	7	120	31FR	4	3	23910	6	0	2160	5	2160	10	2160	15	2160
7	33	29	77	35	73	1	9	120	31FR	4	3	23910	7	0	1830	5	1830	10	1830	15	1830
7	33	29	77	35	73	1	10	120	31FR	4	3	23910	8	0	1830	5	1830	10	1830	15	1830
7	33	29	77	35	73	1	11	120	31FR	4	3	23910	9	0	1890	5	1890	10	1890	15	1890
7	33	29	77	35	73	1	12	120	31FR	4	3	23910	10	0	1580	5	1580	10	1580	15	1580
7	33	29	77	35	73	1	13	120	31FR	4	3	23910	11	0	1790	5	1790	10	1790	15	1790
7	33	29	77	35	73	1	14	120	31FR	4	3	23910	12	0	1810	5	1770	10	1770	15	1770
7	33	29	77	35	73	1	15	120	31FR	4	3	23910	13	0	1560	5	1560	10	1560	15	1560
7	33	29	77	35	73	1	16	120	31FR	4	3	23910	14	0	1550	5	1550	10	1560	15	1560
7	33	29	77	35	73	1	17	120	31FR	4	3	23910	15	0	1560	5	1560	10	1560	15	1560
7	33	29	77	35	73	1	18	120	31FR	4	3	23910	16	0	1730	5	1730	10	1720	15	1720
7	33	29	77	35	73	1	19	120	31FR	4	3	23910	17	0	1900	5	1880	10	1820	15	1770
7	33	29	77	35	73	1	20	120	31FR	4	3	23910	18	0	1790	5	1790	10	1800	15	1800
7	33	29	77	35	73	1	21	120	31FR	4	3	23910	19	0	1500	5	1500	10	1500	15	1500
7	33	29	77	35	73	1	22	120	31FR	4	3	23910	20	0	1340	5	1340	10	1340	15	1340
7	33	29	77	35	73	1	23	120	31FR	4	3	23910	21	0	1810	5	1810	10	1810	15	1810
7	33	29	77	35	73	1	24	120	31FR	4	3	23910	22	0	1890	5	1890	10	1890	15	1890
7	33	29	77	35	73	1	25	120	31FR	4	3	23910	23	0	1860	5	1860	10	1860	15	1860
7	33	29	77	35	73	1	26	120	31FR	4	3	23910	24	0	1830	5	1830	10	1830	15	1830
7	33	29	77	35	73	1	27	120	31FR	4	3	23910	25	0	1720	5	1720	10	1720	15	1720
7	33	29	77	35	73	1	28	120	31FR	3	3	23910	26	0	1710	5	1710	10	1700		
7	33	29	77	35	73	1	29	120	31FR	3	3	23910	27	0	1830	5	1830	10	1830		
7	33	29	77	35	73	1	30	120	31FR	3	3	23910	28	0	1520	5	1520	10	1520		
7	33	29	77	35	73	1	31	120	31FR	3	3	23910	29	0	1590	5	1590	10	1590		
