1955	12	14	31.69	32.67
1955	12	15	31.84	
1955	12	16	31.4	
1955	12	17	31.49	
1955	12	18	30.62	
1955	12	19	31.38	
1955	12	20	32.23	
1955	12	21	32.28	33.00
1955	12	22	31.64	
1955	12	23	31.20	
1955	12	24	32.21	
1955	12	25	31.10	
1955	12	26	32.08	
1955	12	27	32.79	
1955	12	28	33.11	33.11
1955	12	29	32.86	
1955	12	30	32.62	
1955	12	31	32.76	
1956	1	1	31.96	
1956	1	2	32.30	
1956	1	3	32.29	
1956	1	4	32.29	
1956	1	5	32.51	
1956	1	6	32.73	
1956	1	7	32.67	
1956	3	2	32.41	
1956	3	5	29.40	
1956	3	6	31.99	
1956	3	7		
1956	3	8	31.67	
1956	3	9	30.47	31.77
1956	3	10	30.81	
1956	3	11	30.59	
1956	3	12	30.89	
1956	3	13	31.00	
1956	3	14		
1956	3	15	31.10	
1956	3	16	31.51	
1956	3	17	31.46	
1956	3	18	31.43	
1956	3	19	31.28	
1956	3	20	31.49	
1956	3	21	31.5	
1956	3	22	31.44	
1956	3	23	31.11	31.39
1956	3	24	26.68	
1956	3	25	31.28	
1956	3	26	29.58	
1956	3	27	29.74	
1956	3	28	29.78	
1956	3	29	29.06	
1956	3	30	29.06	32.14
1956	3	31	29.10	
1956	4	1	30.64	
1956	4	2	29.46	
1956	4	3	31.01	
1956	4	4	30.30	
1956	4	5	29.12	
1956	4	6	31.86	
1956	4	7	30.33	
1956	4	8	31.36	
1956	4	9	31.33	
1956	4	10	31.59	
1956	4	11	30.29	
1956	4	12	30.31	
1956	4	13	28.72	31.36
1956	4	14	28.19	
1956	4	15	23.79	
1956	4	16	25.40	
1956	4	17	23.83	
1956	4	18	21.00	
1956	4	19	23.49	
1956	4	20	24.71	22.80
1956	4	21	28.70	
1956	4	22	23.51	
1956	4	23	25.91	
1956	4	24	26.27	
1956	4	25	27.35	
1956	4	26	27.02	
1956	4	27	27.49	27.83
1956	4	28	27.76	
1956	4	29	26.94	
1956	4	30	27.65	
1956	5	1	28.83	
1956	5	2	20.53	
1956	5	3	28.51	
1956	5	4	29.51	32.17
1956	5	5	29.45	
1956	5	6	25.23	
1956	5	7	28.76	
1956	5	8	29.93	
1956	5	9	28.63	
1956	5	10	27.30	
1956	5	11	27.24	27.25
1956	5	12	28.01	
1956	5	13	27.31	
1956	5	14	27.36	
1956	5	15	29.53	
1956	5	16	26.83	
1956	5	17	29.50	
1956	5	18	27.01	27.19
1956	5	19	29.29	
1956	5	20	30.07	
1956	5	21	27.91	
1956	5	22	27.91	
1956	5	23	30.12	
1956	5	24	27.01	
1956	5	25	30.31	32.73
1956	5	26	28.45	
1956	5	27	28.77	
1956	5	28	29.51	
1956	5	29	30.98	
1956	5	30	27.93	
1956	5	31	26.88	
1956	6	1	26.74	32.61
1956	6	2	28.15	
1956	6	3	27.92	
1956	6	4	29.40	
1956	6	5	30.06	
1956	6	6	30.48	
1956	6	7	29.15	
1956	6	8	29.48	32.59
1956	6	9	30.34	
1956	6	10	30.87	
1956	6	11	30.76	
1956	6	12	30.82	
1956	6	13	29.98	
1956	6	14	29.37	
1956	6	15	28.12	31.64
1956	6	16	26.73	
1956	6	17	29.25	
1956	6	18	30.17	
1956	6	19	30.59	
1956	6	20	28.79	
1956	6	21	28.67	
1956	6	22	28.25	31.74
1956	6	23	28.49	
1956	6	24	28.08	
1956	6	25	29.04	
1956	6	26	29.28	
1956	6	27	27.81	
1956	6	28	28.38	
1956	6	29	28.80	32.04
1956	6	30	27.84	
1956	7	1	28.45	
1956	7	2	27.93	
1956	7	3	29.76	
1956	7	4	30.81	
1956	7	5	30.95	
1956	7	6	30.92	31.08
1956	7	7	30.33	
1956	7	8	29.66	
1956	7	9	29.35	
1956	7	10	29.15	
1956	7	11	29.75	
1956	7	12	28.99	
1956	7	13	29.01	32.06
1956	7	14	29.71	
1956	7	15	29.30	
1956	7	16	28.69	
1956	7	17	28.48	
1956	7	18	28.75	
1956	7	19	29.01	
1956	7	20	27.79	30.04
1956	7	21	30.63	
1956	7	22	30.71	
1956	7	23	30.32	
1956	7	24	30.17	
1956	7	25	28.71	
1956	7	26	28.5	
1956	7	27	28.69	32.07
1956	7	28	28.07	
1956	7	29	28.95	
1956	7	30	29.61	
1956	7	31	28.12	
1956	8	1	30.34	
1956	8	2	28.91	
1956	8	3	29.52	
1956	8	4	28.35	
1956	8	5	29.74	
1956	8	6	29.56	
1956	8	7	29.73	31.81
1956	8	8	30.29	
1956	8	9	30.78	
1956	8	10	31.00	
1956	8	11	29.96	
1956	8	12	30.86	
1956	8	13	30.60	
1956	8	14	31.01	32.31
1956	8	15	30.95	
1956	8	16	31.05	
1956	8	17	30.93	
1956	8	18	31.05	
1956	8	19		
1956	8	20	30.66	
1956	8	21	30.85	32.45
1956	8	22	29.75	
1956	8	23	30.03	
1956	8	24	29.99	
1956	8	25	30.71	
1956	8	26	31.20	
1956	8	27	31.36	
1956	8	28	31.34	31.44
1956	8	29	31.56	
1956	8	30	31.16	
1956	9	1	30.39	
1956	9	2	31.12	
1956	9	3	29.79	
1956	9	4	29.30	
1956	9	5	29.56	30.19
1956	9	6	30.87	
1956	9	7	30.59	
1956	9	8	30.42	
1956	9	9	30.75	
1956	9	10	30.84	
1956	9	11	31.06	
1956	9	12	31.05	29.49
1956	9	13	31.12	
1956	9	14	31.48	
1956	9	15	30.95	
1956	9	16	29.27	
1956	9	17	30.74	
1956	9	18	29.54	
1956	9	19	30.41	30.41
1956	9	20	30.41	
1956	9	21	30.61	
1956	9	22	30.82	
1956	9	23	31.18	
1956	9	24	31.09	
1956	9	25	31.30	
1956	9	26	31.34	31.44
1956	9	27	31.30	
1956	9	28	31.61	
1956	9	29	31.36	
1956	9	30	31.37	
1956	9	31	31.36	
1956	10	1	29.72	
1956	10	2	29.42	31.74
1956	10	3	31.54	
1956	10	4	31.43	
1956	10	5	31.43	
1956	10	6	31.49	
1956	10	7	29.66	
1956	10	8	28.55	
1956	10	9	31.12	31.08
1956	10	10	30.80	
1956	10	11	30.92	
1956	10	12	30.98	
1956	10	13	30.64	
1956	10	14	31.23	
1956	10	15	31.21	
1956	10	16	32.28	32.30
1956	10	17	31.82	
1956	10	18		
1956	10	19	31.90	
1956	10	20	31.83	
1956	10	21	30.82	
1956	10	22	32.38	
1956	10	23	32.41	
1956	10	24	32.51	
1956	10	25	32.51	
1956	10	26	32.06	
1956	10	27	32.59	
1956	10	28	31.60	
1956	10	29	31.71	
1956	10	30	31.71	
1957	1	13	30.72	
1957	1	14	32.06	
1957	1	15	32.62	
1957	1	16	32.64	
1957	1	17	33.13	
1957	1	18	32.24	32.25
1957	1	19	31.63	
1957	1	20	32.36	
1957	1	21	30.00	
1957	1	22	30.36	
1957	1	23	32.98	
1957	1	24	33.02	
1957	1	25	33.20	33.22
1957	1	26	33.30	
1957	1	27	31.92	
1957	1	28	32.60	
1957	1	29	31.25	
1957	1	30	32.20	
1957	1	31	30.86	
1957	2	1	30.89	33.29
1957	2	2	30.88	
1957	2	3	30.33	
1957	2	4	30.30	
1957	2	5	31.76	
1957	2	6	29.22	
1957	2	7	28.59	
1957	2	8	29.19	33.25
1957	2	9	28.53	
1957	2	10	28.75	
1957	2	11	31.56	
1957	2	12	31.78	
1957	2	13	31.96	
1957	2	14	32.48	
1957	2	15	32.66	
1957	2	16	32.16	
1957	2	17	32.03	
1957	2	18	30.99	
1957	2	19	30.79	
1957	2	20	31.82	
1957	2	21	32.39	
1957	2	22	32.39	32.73
1957	2	23	31.07	
1957	2	24	32.09	
1957	2	25	30.14	
1957	2	26	31.00	
1957	2	27	31.31	
1957	2	28	32.60	
1957	3	1	32.84	32.94
1957	3	2	31.79	
1957	3	3	31.64	
1957	3	4	31.00	
1957	3	5	31.59	
1957	3	6	29.07	
1957	3	7	32.16	
1957	3	8	31.88	32.40
1957	3	9	32.32	
1957	3	10	31.74	
1957	3	11	31.63	
1957	3	12	31.83	
1957	3	13	30.31	
1957	3	14	31.05	
1957	3	15	30.93	31.84
1957	3	16	31.86	
1957	3	17	31.94	
1957	3	18	31.70	
1957	3	19	32.48	
1957	3	20	32.48	
1957	3	21	32.52	
1957	3	22	30.00	32.49
1957	3	23	29.68	
1957	3	24	28.04	
1957	3	25	32.38	
1957	3	26	31.84	
1957	3	27	31.49	
1957	3	28	30.99	
1957	3	29	32.71	31.40
1957	3	30	32.04	
1957	3	31	32.26	
1957	4	1	31.26	
1957	4	2	30.27	
1957	4	3	31.32	
1957	4	4	31.37	
1957	4	5	31.21	32.15
1957	4	6	30.42	
1957	4	7	29.18	
1957	4	8	30.03	
1957	4	9	31.10	
1957	4	10	28.75	
1957	4	11	28.53	
1957	4	12	26.11	32.68
1957	4	13	30.83	
1957	4	14	30.88	
1957	4	15	29.13	
1957	4	16	28.81	
1957	4	17	29.82	
1957	4	18	28.16	
1957	4	19		
1957	4	20		
1957	4	21	28.18	
1957	4	22	28.29	
1957	4	23	29.52	
1957	4	24	28.66	
1957	4	25	25.50	
1957	4	26	28.77	
1957	4	27		
1957	4	28	31.07	
1957	6	8	30.61	
1957	6	9	30.62	
1957	6	10	28.96	
1957	6	11	29.76	
1957	6	12	30.01	
1957	6	13	30.03	
1957	6	14	29.85	32.92
1957	6	15	29.78	
1957	6	16	30.17	
1957	6	17	31.49	
1957	6	18	29.40	
1957	6	19	28.24	
1957	6	20	29.90	
1957	6	21	29.79	32.05
1957	6	22	28.26	
1957	6	23	30.51	
1957	6	24	31.63	
1957	6	25	31.09	
1957	6	26	31.54	
1957	6	27	30.30	
1957	6	28	30.82	32.20
1957	6	29	30.39	
1957	6	30	30.43	
1957	7	1	30.72	
1957	7	2	30.75	
1957	7	3	30.19	
1957	7	4	30.55	
1957	7	5	32.72	32.46
1957	7	6	30.61	
1957	7	7	30.76	
1957	7	8	30.46	
1957	7	9	32.16	
1957	7	10	30.58	
1957	7	11	30.83	
1957	7	12	32.36	32.71
1957	7	13	30.44	
1957	7	14	30.52	
1957	7	15	30.76	
1957	7	16	30.89	
1957	7	17	31.21	
1957	7	18	31.03	
1957	7	19	31.87	32.33
1957	7	20	31.92	
1957	7	21	31.59	
1957	7	22	31.3	
1957	7	23	31.82	
1957	7	24	31.85	
1957	7	25	31.91	
1957	7	26	31.97	31.99
1957	7	27	31.37	
1957	7	28	31.93	
1957	7	29	31.92	
1957	7	30	31.42	
1957	7	31	30.82	
1957	8	1	30.77	
1957	8	2	31.72	32.49
1957	8	3	31.56	
1957	8	4	30.98	
1957	8	5	31.46	
1957	8	6	31.66	
1957	8	7	30.34	
1957	8	8	30.72	
1957	8	9	30.41	32.44
1957	8	10	30.44	
1957	8	11	30.67	
1957	8	12	30.90	
1957	8	13	31.07	
1957	8	14	30.44	
1957	8	15	31.81	
1957	8	16	31.5	31.54
1957	8	17	31.26	
1957	8	18	30.14	
1957	8	19	30.53	
1957	8	20	31.28	
1957	8	21	31.03	
1957	8	22	31.72	
1957	8	23	31.68	
1957	8	24	31.82	
1957	8	25	31.53	
1957	8	26	31.84	
1957	8	27	31.88	
1957	8	28	32.24	
1957	8	29	32.13	
1957	8	30	30.96	32.19
1957	8	31	31.21	
1957	9	1	31.86	
1957	9	2	30.90	
1957	9	3	31.00	
1957	9	4	30.89	
1957	9	5	31.23	
1957	9	6	31.34	32.97
1957	9	7	31.34	
1957	9	8	31.95	
1957	9	9	31.99	
1957	9	10	32.16	
1957	9	11	32.15	
1957	9	12	32.10	
1957	9	13	30.89	32.53
1957	9	14	31.57	
1957	9	15	31.79	
1957	9	16	31.12	
1957	9	17	30.90	
1957	9	18	31.64	
1957	9	19	31.63	
1957	9	20	31.23	32.09
1957	9	21	30.67	
1957	9	22	30.78	
1957	9	23	31.15	
1957	9	24	31.51	
1957	9	25	31.36	
1957	9	26	30.86	
1957	9	27	31.63	31.67
1957	9	28	32.00	
1957	9	29	30.90	
1957	9	30	31.93	
1957	10	1	32.28	
1957	10	2	31.86	
1957	10	3	32.13	
1957	10	4	32.36	32.82
1957	10	5		
1957	10	6	32.31	
1957	10	7	32.2	
1957	10	8	32.25	
1957	10	9	32.10	
1957	10	10	31.31	
1957	10	11	32.43	32.78
1957	10	12	32.55	
1957	10	13	31.88	
1957	10	14	32.21	
1957	10	15	31.48	
1957	10	16	31.00	
1957	10	17	30.80	
1957	10	18	30.38	32.86
1957	10	19	31.48	
1957	10	20	31.95	
1957	10	21	32.27	
1957	10	22	31.61	
1957	10	23	31.26	
1957	10	24	31.99	
1957	10	25	32.57	33.20
1957	10	26	32.87	
1957	10	27	32.69	
1957	10	28	32.56	
1957	10	29	32.12	
1957	10	30	32.38	
1957	10	31	32.33	
1957	11	1	32.51	
1957	11	2	32.85	
1957	11	3	32.66	
1957	11	4	32.75	
1957	11	5	32.78	
1957	11	6	32.74	
1957	11	7	32.18	
1957	11	8	31.32	
1957	11	9	32.71	
1957	11	10	33.15	
1957	11	11	33.08	
1957	11	12	32.82	
1957	11	13	32.1	
1957	11	14	32.22	
1957	11	15	32.08	33.17
1957	11	16	32.51	
1957	11	17	31.93	
1957	11	18	32.30	
1957	11	19	32.71	
1957	11	20	32.20	
1957	11	21	31.75	
1957	11	22	32.26	33.37
1957	11	23	32.17	
1957	11	24	32.73	
1957	11	25	32.98	
1957	11	26	33.40	
1957	11	27	33.53	
1957	11	28	31.21	
1957	11	29	31.33	33.23
1957	11	30	32.48	
1957	12	1	32.89	
1957	12	2	33.25	
1957	12	3	32.87	
1957	12	4	33.40	
1957	12	5	33.83	
1957	12	6	33.59	33.61
1957	12	7	32.63	
1958	1	19	32.95	
1958	1	20	32.94	
1958	1	21	30.63	
1958	1	22	30.63	
1958	1	23	31.77	
1958	1	24	31.75	33.06
1958	1	25	32.03	
1958	1	26	32.53	
1958	1	27	31.89	
1958	1	28	32.49	
1958	1	29	26.43	
1958	1	30	25.99	
1958	1	31	27.74	32.74
1958	2	1	29.65	
1958	2	2	31.39	
1958	2	3	31.26	
1958	2	4	30.47	
1958	2	5	30.70	
1958	2	6	28.87	
1958	2	7	31.32	
1958	2	8	31.93	
1958	2	9	31.81	
1958	2	10	32.28	
1958	2	11	31.08	
1958	2	12	30.90	
1958	2	13	32.07	
1958	2	14	31.90	33.22
1958	2	15	31.56	
1958	2	16	33.02	
1958	2	17	31.60	
1958	2	18	31.60	
1958	2	19	32.31	
1958	2	20	33.06	
1958	2	21	33.00	33.22
1958	2	22	31.36	
1958	2	23	32.64	
1958	2	24	31.00	
1958	2	25	31.75	
1958	2	26	32.45	
1958	2	27	32.82	
1958	2	28	32.20	32.30
1958	3	1	32.00	
1958	3	2	32.29	
1958	3	3	29.43	
1958	3	4	32.00	
1958	3	5	32.08	
1958	3	6	31.93	
1958	3	7	30.94	32.52
1958	3	8	31.14	
1958	3	9	30.74	
1958	3	10	30.14	
1958	3	11	30.69	
1958	3	12	31.50	
1958	3	13	28.16	
1958	3	14	32.23	32.46
1958	3	15	32.33	
1958	3	16	30.32	
1958	3	17	29.24	
1958	3	18	29.16	
1958	3	19	31.03	
1958	3	20	32.11	
1958	3	21	32.08	32.26
1958	3	22	30.80	
1958	3	23	30.35	
1958	3	24	28.41	
1958	3	25	25.51	
1958	3	26	31.18	
1958	3	27	31.25	
1958	3	28	31.75	31.69
1958	3	29	28.88	
1958	3	30	31.18	
1958	3	31	27.48	
1958	4	1	30.44	
1958	4	2	30.95	
1958	4	3	31.64	
1958	4	4	31.07	31.93
1958	4	5	29.35	
1958	4	6	28.85	
1958	4	7	28.48	
1958	4	8	28.04	
1958	4	9	27.32	
1958	4	10	21.67	
1958	4	11	25.10	31.97
1958	4	12	25.08	
1958	4	13	25.44	
1958	4	14	23.06	
1958	4	15	25.17	
1958	4	16	22.38	
1958	4	17	22.94	
1958	4	18	26.44	32.10
1958	4	19	25.62	
1958	4	20	25.26	
1958	4	21	25.48	
1958	4	22	28.96	
1958	4	23	24.90	
1958	4	24	27.88	
1958	4	25	26.20	32.05
1958	4	26	26.46	
1958	4	27	27.63	
1958	4	28	29.33	
1958	4	29	29.51	
1958	6	7	30.53	
1958	6	8	29.03	
1958	6	9	27.07	
1958	6	10	30.00	
1958	6	11	30.12	
1958	6	12	30.52	
1958	6	13	30.07	31.81
1958	6	14	30.08	
1958	6	15	30.43	
1958	6	16	28.96	
1958	6	17	28.31	
1958	6	18	28.60	
1958	6	19	29.49	
1958	6	20	29.95	32.32
1958	6	21	30.25	
1958	6	22	29.58	
1958	6	23	29.86	
1958	6	24	29.85	
1958	6	25	29.09	
1958	6	26	29.09	
1958	6	27	29.48	31.75
1958	6	28	29.24	
1958	6	29	29.37	
1958	7	1	29.24	
1958	7	2	29.05	
1958	7	3	28.99	
1958	7	4	29.27	32.27
1958	7	5	29.47	
1958	7	6	29.14	
1958	7	7	30.48	
1958	7	8	29.83	
1958	7	9	30.07	
1958	7	10	30.09	
1958	7	11	27.34	29.16
1958	7	12	28.49	
1958	7	13	28.62	
1958	7	14	28.93	
1958	7	15	29.31	
1958	7	16	29.33	
1958	7	17	29.62	
1958	7	18	29.88	51.92
1958	7	19	30.20	
1958	7	20	30.40	
1958	7	21	29.60	
1958	7	22	29.56	
1958	7	23	29.79	
1958	7	24	29.64	
1958	7	25	29.66	31.69
1958	7	26	29.77	
1958	7	27	30.16	
1958	7	28	30.32	
1958	7	29	30.62	
1958	7	30	30.35	
1958	7	31	30.52	
1958	8	1	30.34	
1958	8	2	29.88	
1958	8	3	29.17	
1958	8	4	29.11	
1958	8	5	30.12	
1958	8	6	28.78	
1958	8	7	29.18	
1958	8	8	29.87	31.89
1958	8	9	30.07	
1958	8	10	29.11	
1958	8	11	28.73	
1958	8	12	30.41	
1958	8	13	30.28	
1958	8	14	29.54	
1958	8	15	29.56	30.14
1958	8	16	29.74	
1958	8	17	29.79	
1958	8	18	29.80	
1958	8	19	30.42	
1958	8	20	30.14	
1958	8	21		
1958	8	22	30.89	32.66
1958	8	23	30.89	
1958	8	24	30.74	
1958	8	25	30.72	
1958	8	26	30.95	
1958	8	27	30.77	
1958	8	28	30.78	
1958	8	29	30.92	31.50
1958	8	30	30.96	
1958	8	31	29.97	
1958	9	1	30.44	
1958	9	2	30.35	
1958	9	3	30.21	
1958	9	4	30.20	
1958	9	5	29.41	31.45
1958	9	6	30.21	
1958	9	7	30.05	
1958	9	8	30.23	
1958	9	9	30.54	
1958	9	10	30.6	
1958	9	11	30.31	
1958	9	12	30.72	32.27
1958	9	13	30.44	
1958	9	14	30.67	
1958	9	15	30.9	
1958	9	16	30.46	
1958	9	17	31.32	
1958	9	18	32.08	
1958	9	19	30.26	31.26
1958	9	20		
1958	9	21	31.34	
1958	9	22	31.19	
1958	9	23	31.45	
1958	9	24	31.21	
1958	9	25	30.39	
1958	9	26	30.27	32.04
1958	9	27	29.62	
1958	9	28	31.11	
1958	9	29	31.12	
1958	9	30	30.43	
1958	10	1	30.41	
1958	10	2	30.76	
1958	10	3	30.77	31.82
1958	10	4	30.86	
1958	10	5	29.91	
1958	10	6	31.26	
1958	10	7	30.37	
1958	10	8	30.3	
1958	10	9	30.54	
1958	10	10	30.15	31.28
1958	10	11	30.84	
1958	10	12	31.06	
1958	10	13	31.07	
1958	10	14	31.00	
1958	10	15	29.92	
1958	10	16	29.48	
1958	10	17	29.70	32.00
1958	10	18	30.53	
1958	10	19	30.62	
1958	10	20	30.72	
1958	10	21	30.92	
1958	10	22	30.92	
1958	10	23	31.01	
1958	10	24	31.18	31.18
1958	10	25	31.41	
1958	10	26	31.46	
1958	10	27	31.34	
1958	10	28	29.26	
1958	10	29	30.72	
1958	10	30	30.01	
1958	10	31	28.49	31.72
1958	11	1	28.78	
1958	11	2	30.10	
1958	11	3	30.44	
1958	11	4	30.70	
1958	11	5	24.79	
1958	11	6	29.34	
1958	11	7	29.69	29.84
1958	11	8	29.61	
1958	11	9	28.16	
1958	11	10	29.70	
1958	11	11	30.30	
1958	11	12	29.61	
1958	11	13	28.54	
1958	11	14	29.51	32.49
1958	11	15	29.57	
1958	11	16	28.65	
1958	11	17	29.05	
1958	11	18	29.07	
1958	11	19	29.76	
1958	11	20	29.44	
1958	11	21	30.28	32.24
1958	11	22	30.60	
1958	11	23	31.03	
1958	11	24	29.95	
1958	11	25	31.30	
1958	11	26	31.54	
1958	11	27	31.44	
1958	11	28	32.62	
1958	11	29	31.03	
1959	1	11	30.61	
1959	1	12	32.27	
1959	1	13	30.79	
1959	1	14	32.02	
1959	1	15	30.42	
1959	1	16	30.56	30.56
1959	1	17	32.18	
1959	1	18	31.20	
1959	1	19	32.50	
1959	1	20	32.46	
1959	1	21	32.5	
1959	1	22	32.81	
1959	1	23	31.96	32.56
1959	1	24	31.84	
1959	1	25	31.32	
1959	1	26	32.73	
1959	1	27	32.56	
1959	1	28	32.71	
1959	1	29	32.11	
1959	1	30	30.94	30.86
1959	1	31	31.18	
1959	2	1	30.96	
1959	2	2	31.80	
1959	2	3	29.60	
1959	2	4	31.30	
1959	2	5	31.44	
1959	2	6	31.77	33.46
1959	2	7	31.58	
1959	2	8	31.34	
1959	2	9	32.84	
1959	2	10	32.33	
1959	2	11	32.63	
1959	2	12	32.90	
1959	2	13	30.97	31.45
1959	2	14	31.44	
1959	2	15	30.46	
1959	2	16	32.01	
1959	2	17	31.38	
1959	2	18	30.83	
1959	2	19	31.98	
1959	2	20	30.88	31.12
1959	2	21	29.86	
1959	2	22	32.44	
1959	2	23	32.08	
1959	2	24	32.56	
1959	2	25	33.06	
1959	2	26	31.83	
1959	2	27	30.92	30.90
1959	2	28	31.03	
1959	3	1	32.53	
1959	3	2	32.66	
1959	3	3	32.71	
1959	3	4	32.51	
1959	3	5	32.05	
1959	3	6	31.47	31.43
1959	3	7	31.44	
1959	3	8	32.46	
1959	3	9	30.14	
1959	3	10	31.43	
1959	3	11	31.70	
1959	3	12	30.92	
1959	3	13	30.96	31.01
1959	3	14	30.49	
1959	3	15	32.08	
1959	3	16	31.90	
1959	3	17	26.83	
1959	3	18	30.79	
1959	3	19	29.70	
1959	3	20	25.62	30.07
1959	3	21	32.36	
1959	3	22	31.80	
1959	3	23	30.48	
1959	3	24	29.65	
1959	3	25	31.40	
1959	3	26	32.18	33.18
1959	3	27	32.82	
1959	3	28	29.32	
1959	3	29	31.31	
1959	3	30	31.19	
1959	3	31	31.18	
1959	4	1	29.58	
1959	4	2	29.59	
1959	4	3	29.03	32.82
1959	4	4	29.04	
1959	4	5	28.76	
1959	4	6	27.16	
1959	4	7	30.21	
1959	4	8	28.64	
1959	4	9	26.63	
1959	4	10	28.47	28.48
1959	4	11	30.04	
1959	4	12	31.69	
1959	4	13	31.58	
1959	4	14	26.37	
1959	4	15	29.46	
1959	4	16	24.63	
1959	4	17	29.40	
1959	4	18	29.21	
1959	4	19	29.41	
1959	4	20	31.36	
1959	4	21	31.87	
1959	4	22	32.08	
1959	4	23	32.07	
1959	4	24	31.69	32.09
1959	4	25	30.57	
1959	5	7	31.14	
1959	5	8	29.86	
1959	5	9	29.38	
1959	5	10	28.90	
1959	5	11	33.39	
1959	5	12	31.05	31.64
1959	5	13	29.81	
1959	5	14	31.28	
1959	5	15	31.18	
1959	5	16	30.83	
1959	5	17	31.65	
1959	5	18	31.17	
1959	5	19	31.26	32.42
1959	5	20	30.34	
1959	5	21	30.24	
1959	5	22		
1959	5	23	29.66	
1959	5	24	30.80	
1959	5	25	30.93	
1959	5	26	30.48	30.31
1959	5	27	30.77	
1959	5	28	31.46	
1959	5	29	31.39	
1959	5	30	31.38	
1959	7	1	31.46	
1959	7	2	31.61	
1959	7	3	31.43	31.83
1959	7	4	31.41	
1959	7	5	31.38	
1959	7	6	28.33	
1959	7	7	30.86	
1959	7	8	31.40	
1959	7	9	29.79	
1959	7	10	30.03	32.28
1959	7	11	30.34	
1959	7	12	29.21	
1959	7	13	29.68	
1959	7	14	29.19	
1959	7	15	29.88	
1959	7	16	30.53	
1959	7	17	30.55	31.71
1959	7	18	30.34	
1959	7	19	29.17	
1959	7	20	29.39	
1959	7	21	29.92	
1959	7	22	30.20	
1959	7	23	29.98	
1959	7	24	29.83	32.00
1959	7	25	29.93	
1959	7	26	29.03	
1959	7	27	29.55	
1959	7	28	27.83	
1959	7	29	27.73	
1959	7	30	29.05	
1959	7	31	29.24	31.97
1959	8	1	30.31	
1959	8	2	31.22	
1959	8	3	31.66	
1959	8	4	32.16	
1959	8	5	30.99	
1959	8	6	32.16	
1959	8	7	31.96	31.80
1959	8	8	32.20	
1959	8	9	30.89	
1959	8	10	30.80	
1959	8	11	31.50	
1959	8	12		
1959	8	13		
1959	8	14	33.16	
1959	8	15		
1959	8	16		
1959	8	17		
1959	8	18	30.60	
1959	8	19	31.02	
1959	8	20		
1959	8	21	30.17	32.48
1959	8	22	30.04	
1959	8	23	30.50	
1959	8	24	31.19	
1959	8	25	31.4	
1959	8	26	31.51	
1959	8	27	30.41	
1959	8	28	30.18	31.99
1959	9	1	29.63	
1959	9	2	29.75	
1959	9	3	29.74	
1959	9	4	29.92	
1959	9	5	29.94	
1959	9	6	29.87	
1959	9	7	29.85	
1959	9	8	30.05	
1959	9	9	30.7	
1959	9	10	30.37	
1959	9	11	30.45	
1959	9	12	31.24	
1959	9	13	30.70	
1959	9	14	30.85	
1959	9	15	30.92	
1959	9	16	31.05	
1959	9	17	31.4	
1959	9	18	31.48	31.99
1959	9	19	31.64	
1959	9	20	30.68	
1959	9	21	31.00	21.00
1959	9	22	30.75	
1959	9	23	31.06	
1959	9	24	30.74	
1959	9	25	31.29	
1959	9	26	31.47	
1959	9	27	30.68	
1959	9	28	29.63	
1959	9	29	30.78	
1959	9	30	29.92	
1959	10	1	30.80	
1959	10	2	30.28	32.32
1959	10	3	31.61	
1959	10	4	31.35	
1959	10	5	30.16	
1959	10	6	30.11	
1959	10	7	31.88	
1959	10	8	30.63	
1959	10	9	30.33	32.06
1959	10	10	31.28	
1959	10	11	31.48	
1959	10	12	31.06	
1959	10	13	30.71	
1959	10	14	31.65	
1959	10	15		
1959	10	16	31.93	31.73
1959	12	5	27.05	
1959	12	6	28.83	
1959	12	7	31.74	
1959	12	8	31.69	
1959	12	9		
1959	12	10	29.43	
1959	12	11	29.37	32.47
1959	12	12	30.26	
1959	12	13	29.80	
1959	12	14	31.46	
1959	12	15	29.95	
1959	12	16	28.81	
1959	12	17	27.30	
1959	12	18	29.56	29.69
1959	12	19	30.14	
1959	12	20	31.33	
1959	12	21	30.48	
1959	12	22	32.45	
1959	12	23	32.51	
1959	12	24	32.34	
1959	12	25	31.92	31.91
1959	12	26	30.76	
1959	12	27	30.80	
1959	12	28	28.28	
1959	12	29	32.39	
1959	12	30	32.16	
1959	12	31	31.18	
1960	1	1	31.82	32.10
1960	1	2	31.10	
1960	1	3	29.72	
1960	1	4	29.44	
1960	1	5	28.71	
1960	1	6	30.27	
1960	1	7	28.86	
1960	1	8	29.91	
1960	1	9	31.24	32.78
1960	1	10	32.00	
1960	1	11	32.16	
1960	1	12	32.93	
1960	1	13	32.7	
1960	1	14	32.45	
1960	1	15	31.54	32.45
1960	1	16	32.45	
1960	1	17	30.16	
1960	1	18	30.79	
1960	1	19	31.64	
1960	1	20	30.96	
1960	1	21	31.45	
1960	1	22	31.98	32.81
1960	1	23	31.88	
1960	1	24	32.09	
1960	1	25	32.04	
1960	1	26	30.07	
1960	1	27	30.29	
1960	1	28	31.38	
1960	1	29	31.37	32.71
1960	1	30	32.14	
1960	1	31	32.82	
1960	2	1	32.06	
1960	2	2	32.26	
1960	2	3	32.28	
1960	2	4	32.29	
1960	2	5	32.18	32.23
1960	2	6	32.29	
1960	2	7	32.00	
1960	2	8	31.11	
1960	2	9	29.57	
1960	2	10	29.31	
1960	2	11	31.05	
1960	2	12	31.02	32.83
1960	2	13	30.19	
1960	2	14	31.42	
1960	2	15	29.13	
1960	2	16	30.97	
1960	2	17	28.39	
1960	2	18	26.94	
1960	2	19	32.07	32.04
1960	2	20	29.57	
1960	2	21	30.44	
1960	2	22	27.37	
1960	2	23	31.77	
1960	2	24	31.24	
1960	2	25	29.89	
1960	2	26	32.17	32.42
1960	2	27	30.73	
1960	2	28	30.46	
1960	2	29	30.55	
1960	3	1	31.51	
1960	3	2	31.11	
1960	3	3	31.88	
1960	3	4	32.37	32.37
1960	3	5	32.29	
1960	3	6	32.27	
1960	3	7	32.05	
1960	3	8	31.45	
1960	3	9	32.12	
1960	3	10	32.2	
1960	3	11	32.18	32.19
1960	3	12	32.29	
1960	3	13	32.04	
1960	3	14	32.25	
1960	3	15	32.04	
1960	3	16	32.5	
1960	3	17	32.17	
1960	3	18	31.92	31.89
1960	3	19	31.94	
1960	3	20	29.55	
1960	3	21	30.51	
1960	3	22	30.46	
1960	3	23	31.11	
1960	3	24	30.12	
1960	3	25	31.31	32.50
1960	3	26	31.76	
1960	3	27	30.40	
1960	3	28	30.08	
1960	3	29	30.25	
1960	3	30	30.73	
1960	3	31		
1960	4	1	30.44	32.41
1960	4	2	31.45	
1960	4	3	30.12	
1960	4	4	22.67	
1960	4	5	28.38	
1960	4	6	19.16	
1960	4	7	21.12	
1960	4	8	18.70	32.39
1960	4	9	22.46	
1960	4	10	27.87	
1960	4	11	26.91	
1960	4	12	26.25	
1960	4	13	29.38	
1960	4	14	28.16	
1960	4	15	28.09	32.71
1960	4	16	28.19	
1960	4	17	30.30	
1960	4	18	27.43	
1960	4	19	27.48	
1960	4	20	22.79	
1960	4	21	24.05	
1960	4	22	29.54	32.56
1960	4	23	30.39	
1960	4	24	30.64	
1960	4	25	30.22	
1960	4	26	30.12	
1960	4	27	29.58	
1960	4	28	30.22	
1960	4	29	30.11	31.59
1960	4	30	26.96	
1960	5	1	26.16	
1960	5	2	27.92	
1960	5	3	22.87	
1960	5	4	23.33	
1960	5	5	24.18	
1960	5	6	24.53	32.04
1960	5	7	26.17	
1960	5	8	28.05	
1960	5	9	28.58	
1960	5	10	29.56	
1960	5	11	28.57	
1960	5	12	30.02	
1960	5	13	30.4	31.68
1960	5	14	30.13	
1960	5	15	29.98	
1960	5	16	29.03	
1960	5	17	27.82	
1960	5	18	26.67	
1960	5	19	26.33	
1960	5	20	27.62	32.09
1960	5	21	26.98	
1960	5	22	29.57	
1960	5	23	29.60	
1960	5	24	30.57	
1960	5	25	30.59	
1960	5	26	29.00	
1960	5	27	28.32	31.62
1960	7	1	29.68	31.91
1960	7	2	30.82	
1960	7	3	30.37	
1960	7	4	29.72	
1960	7	5	29.79	
1960	7	6	30.68	
1960	7	7	29.33	
1960	7	8	28.98	32.30
1960	7	9	28.86	
1960	7	10	28.19	
1960	7	11	29.35	
1960	7	12	28.93	
1960	7	13	29.66	
1960	7	14	28.91	
1960	7	15	29.93	31.70
1960	7	16	29.81	
1960	7	17	29.99	
1960	7	18	28.54	
1960	7	19	29.10	
1960	7	20	29.64	
1960	7	21	29.9	
1960	7	22	29.73	31.90
1960	7	23	29.28	
1960	7	24	28.72	
1960	7	25	29.29	
1960	7	26	28.69	
1960	7	27	29.94	
1960	7	28	29.6	
1960	7	29	29.22	32.18
1960	7	30		
1960	7	31	30.60	
1960	8	1	30.81	
1960	8	2	30.65	
1960	8	3	30.37	
1960	8	4	30.40	
1960	8	5	31.06	31.78
1960	8	6	31.25	
1960	8	7	31.18	
1960	8	8	29.44	
1960	8	9	30.07	
1960	8	10	28.42	
1960	8	11	29.19	
1960	8	12	29.35	31.61
1960	8	13		
1960	8	14	27.89	
1960	8	15	28.14	
1960	8	16	29.72	
1960	8	17	29.70	
1960	8	18	30.41	
1960	8	19	30.6	31.48
1960	8	20	30.61	
1960	8	21	29.07	
1960	8	22	27.94	
1960	8	23	28.04	
1960	8	24	29.52	
1960	8	25	30.41	
1960	8	26	29.40	31.38
1960	8	27	28.40	
1960	8	28	27.92	
1960	8	29	29.01	
1960	8	30	26.80	
1960	8	31	30.09	
1960	9	1	29.75	
1960	9	2	29.38	31.91
1960	9	3	30.43	
1960	9	4	29.22	
1960	9	5	28.93	
1960	9	6	30.57	
1960	9	7	29.06	
1960	9	8	29.53	
1960	9	9	30.30	32.22
1960	9	10	30.77	
1960	9	11	30.71	
1960	9	12	30.69	
1960	9	13	29.41	
1960	9	14	29.52	
1960	9	15	27.30	
1960	9	16	26.53	32.12
1960	9	17	30.31	
1960	9	18	30.41	
1960	9	19	30.25	
1960	9	20	30.3	
1960	9	21	30.5	
1960	9	22	30.76	
1960	9	23	30.58	31.24
1960	9	24	29.73	
1960	9	25	31.19	
1960	9	26	31.15	
1960	9	27	31.08	
1960	9	28	30.86	
1960	9	29	30.31	
1960	9	30	28.97	
1960	10	1	30.79	
1960	10	2	30.89	
1960	10	3	30.22	
1960	10	4	30.85	
1960	10	5	29.35	
1960	10	6	29.19	
1960	10	7	29.31	32.44
1960	10	8	30.46	
1960	10	9	28.18	
1960	10	10	29.29	
1960	10	11	28.35	
1960	10	12	30.27	
1960	10	13	30.09	
1960	10	14	30.63	32.32
1960	10	15	29.66	
1960	10	16	28.50	
1960	10	17	30.50	
1960	10	18	30.56	
1960	10	19	30.92	
1960	10	20	29.01	
1960	10	21	30.29	30.44
1960	10	22	32.58	
1960	10	23		
1960	10	24	30.95	
1960	10	25	31.84	
1960	10	26	32.08	
1960	10	27	31.42	
1960	10	28	31.81	31.56
1960	10	29	31.93	
1960	10	30	31.65	
1960	10	31	31.56	
1960	11	1	31.65	
1960	11	2	31.68	
1960	11	3	30.80	
1960	11	4	31.06	31.94
1960	11	5	31.01	
1960	11	6	31.54	
1960	11	7	31.82	
1960	11	8	32.42	
1960	11	9	31.12	
1960	11	10	31.22	
1960	11	11	32.04	33.11
1960	11	12	30.92	
1960	11	13	29.10	
1960	11	14	29.64	
1960	11	15	28.04	
1960	11	16	29.46	
1960	11	17	31.00	
1960	11	18	31.13	33.43
1960	11	19	31.86	
1960	11	20	32.17	
1960	11	21	31.84	
1960	11	22	30.83	
1960	11	23	30.57	
1960	11	24	32.10	
1960	11	25	31.94	33.13
1960	11	26	31.39	
1960	11	27	30.43	
1960	11	28	30.45	
1960	11	29	32.21	
1960	11	30	31.82	
1960	12	1	32.94	
1960	12	2	32.64	32.97
1960	12	3	31.93	
1960	12	4	32.21	
1960	12	5	31.47	
1960	12	6	30.40	
1960	12	7	31.11	
1960	12	8	32.19	
1960	12	9	32.73	32.79
1960	12	10	32.02	
1960	12	11	32.42	
1960	12	12		
1960	12	13	32.88	
1960	12	14	32.59	
1960	12	15	31.28	
1960	12	16	30.93	32.75
1960	12	17	31.74	
1960	12	18	31.09	
1960	12	19	31.64	
1960	12	20	32.39	
1960	12	21	32.86	
1960	12	22	32.47	
1960	12	23	32.52	33.28
1960	12	24	32.33	
1960	12	25	31.66	
1960	12	26	30.57	
1960	12	27	32.86	
1960	12	28	33.11	
1960	12	29	33.30	
1960	12	30	31.93	
1960	12	31	33.29	
1961	1	1	33.07	
1961	1	2	33.14	
1961	1	3		
1961	1	4	33.19	
1961	1	5	32.28	
1961	1	6	29.86	
1961	1	7		
1961	1	8	31.52	
1961	1	9		
1961	1	10	33.14	
1961	1	11	31.52	
1961	1	12	31.5	
1961	1	13	31.99	33.34
1961	1	14	31.68	
1961	1	15	32.95	
1961	1	16	33.08	
1961	1	17	33.11	
1961	1	18	32.46	
1961	1	19	32.39	
1961	1	20		
1961	1	21	32.92	
1961	1	22	31.64	
1961	1	23	31.37	
1961	1	24	31.90	
1961	1	25	32.60	
1961	1	26	32.64	
1961	1	27	32.21	
1961	1	28	32.26	
1961	1	29	31.56	
1961	1	30	32.18	32.84
1961	1	31	32.42	
1961	2	1	32.33	
1961	2	2	33.10	
1961	2	3	33.15	33.48
1961	2	4		
1961	2	5	32.53	
1961	2	6		
1961	2	7	32.67	
1961	2	8	31.72	
1961	2	9	31.74	
1961	2	10	32.16	32.80
1961	2	11	32.42	
1961	2	12	32.4	
1961	2	13	32.54	
1961	2	14	32.5	
1961	2	15	32.41	
1961	2	16	32.62	
1961	2	17	31.98	32.46
1961	2	18	31.86	
1961	2	19	31.27	
1961	2	20	32.46	
1961	2	21	31.82	
1961	2	22	31.46	
1961	2	23	27.59	
1961	2	24	26.65	
1961	2	25	29.53	
1961	2	26	30.84	
1961	2	27	28.13	
1961	2	28	30.85	
1961	3	1	31.80	
1961	3	2	31.43	
1961	3	3	28.50	32.78
1961	3	4	28.79	
1961	3	5	26.19	
1961	3	6	27.88	
1961	3	7	31.13	
1961	3	8	31.47	
1961	3	9	32.08	
1961	3	10	29.60	32.01
1961	3	11	28.80	
1961	3	12	25.43	
1961	3	13	29.24	
1961	3	14	30.15	
1961	3	15	32.12	
1961	3	16	31.39	
1961	3	17	32.27	32.57
1961	3	18	32.38	
1961	3	19	28.26	
1961	3	20	30.87	
1961	3	21	31.60	
1961	3	22	27.11	
1961	3	23	31.86	
1961	3	24	32.07	31.25
1961	3	25	32.03	
1961	3	26	31.92	
1961	3	27	31.32	
1961	3	28	23.10	
1961	3	29	29.62	
1961	3	30	29.92	
1961	3	31	30.92	32.71
1961	4	1	31.63	
1961	4	2	30.33	
1961	4	3	30.46	
1961	4	4	30.92	
1961	4	5	31.49	
1961	4	6	28.59	
1961	4	7	29.20	32.59
1961	4	8	30.93	
1961	4	9	29.00	
1961	4	10	30.69	
1961	4	11	30.69	
1961	4	12	29.07	
1961	4	13		
1961	4	14	31.80	31.82
1961	4	15	31.40	
1961	4	16		
1961	4	17	30.98	
1961	4	18	30.00	
1961	4	19	31.70	
1961	4	20	31.31	
1961	4	21	29.27	31.85
1961	4	22	22.20	
1961	4	23	25.63	
1961	4	24	23.90	
1961	4	25	28.83	
1961	4	26	22.80	
1961	4	27	30.19	
1961	4	28	25.20	32.47
1961	4	29	29.33	
1961	4	30	29.43	
1961	5	1	29.19	
1961	5	2		
1961	5	3	27.92	
1961	5	4	26.88	
1961	5	5	28.45	32.37
1961	5	6	26.29	
1961	5	7		
1961	5	8	25.53	
1961	5	9	27.97	
1961	5	10		
1961	5	11	28.31	
1961	5	12	29.30	29.32
1961	5	13	30.08	
1961	5	14	30.85	
1961	5	15	30.65	
1961	5	16	28.83	
1961	5	17	29.69	
1961	5	18	29.98	
1961	5	19	30.73	31.64
1961	5	20	30.68	
1961	5	21	26.55	
1961	5	22	24.29	
1961	5	23	29.83	
1961	5	24	29.35	
1961	5	25	25.82	
1961	5	26	30.39	
1961	5	27	31.07	
1961	5	28	29.10	
1961	5	29	29.24	32.49
1961	5	30	30.32	
1961	5	31	29.73	
1961	6	1	28.47	
1961	6	2	30.20	32.53
1961	6	3	29.96	
1961	6	4	29.27	
1961	6	5	29.34	
1961	6	6	29.30	
1961	6	7	30.33	
1961	6	8	31.41	32.50
1961	6	9	31.25	
1961	6	10	30.90	
1961	6	11	29.50	
1961	6	12	29.29	
1961	6	13	30.12	
1961	6	14	30.26	
1961	6	15	31.12	
1961	6	16	31.08	32.03
1961	6	17	30.73	
1961	6	18	33.20	
1961	6	19	30.19	
1961	6	20	29.15	
1961	6	21	30.04	
1961	6	22	30.75	
1961	6	23	31.11	32.24
1961	6	24	31.17	
1961	6	25	30.74	
1961	6	26	30.4	
1961	6	27	30.91	
1961	6	28	30.86	
1961	6	29	30.53	
1961	6	30	29.56	32.05
1961	7	1	30.71	
1961	7	2	28.76	
1961	7	3	30.46	
1961	7	4	28.75	
1961	7	5	29.50	
1961	7	6	31.24	
1961	7	7	31.04	31.80
1961	7	8	30.96	
1961	7	9	31.08	
1961	7	10	31.08	
1961	7	11	31.05	
1961	7	12	30.98	
1961	7	13	29.65	
1961	7	14	28.91	32.29
1961	7	15	29.32	
1961	7	16	30:79	
1961	7	17	31.06	
1961	7	18	30.91	
1961	7	19	30.94	
1961	7	20	31.02	
1961	7	21	30.68	31.31
1961	7	22	30.79	
1961	7	23	30.16	
1961	7	24	27.79	
1961	7	25	27.35	
1961	7	26	28.90	
1961	7	27	29.34	
1961	7	28	28.91	31.79
1961	7	29	29.35	
1961	7	30	29.61	
1961	8	1	29.34	
1961	8	2	29.96	
1961	8	3	27.39	
1961	8	4	30.09	31.50
1961	8	5	30.37	
1961	8	6	30.26	
1961	8	7	29.45	
1961	8	8	30.33	
1961	8	9	28.93	
1961	8	10	27.44	
1961	8	11	27.67	31.80
1961	8	12	28.49	
1961	8	13	28.97	
1961	8	14	29.73	
1961	8	15	28.55	
1961	8	16	30.20	
1961	8	17	31.04	
1961	8	18	28.53	32.28
1961	8	19	28.78	
1961	8	20	29.67	
1961	8	21	30.76	
1961	8	22	29.99	
1961	8	23	28.76	
1961	8	24	28.04	
1961	8	25	29.04	30.24
1961	8	26	29.31	
1961	8	27	29.31	
1961	8	28	28.81	
1961	8	29	29.87	
1961	8	30	29.55	
1961	8	31	28.59	
1961	9	1	29.67	
1961	9	2	28.52	32.07
1961	9	3		
1961	9	4	30.02	
1961	9	5	29.36	
1961	9	6	30.28	
1961	9	7	30.33	
1961	9	8	30.35	30.55
1961	9	9		
1961	9	10	30.64	
1961	9	11	29.03	
1961	9	12	29.44	
1961	9	13	29.31	
1961	9	14	30.08	
1961	9	15	29.94	32.27
1961	9	16	30.56	
1961	9	17	31.03	
1961	9	18	31.25	
1961	9	19	31.42	
1961	9	20	31.07	
1961	9	21		
1961	9	22	31.89	31.93
1961	9	23	31.91	
1961	9	24	31.79	
1961	9	25	31.7	
1961	9	26	31.60	
1961	9	27	30.85	
1961	9	28	30.21	
1961	9	29	31.28	32.02
1961	9	30	31.68	
1961	10	1	31.04	
1961	10	2	31.15	
1961	10	3	31.49	
1961	10	4	31.59	
1961	10	5	31.8	
1961	10	6	31.01	31.98
1961	10	7	29.78	
1961	10	8	31.32	
1961	10	9	30.55	
1961	10	10	29.98	
1961	10	11	29.80	
1961	10	12	31.32	
1961	10	13	31.45	31.56
1961	10	14	30.03	
1961	10	15	31.46	
1961	10	16	31.68	
1961	10	17	31.16	
1961	10	18	31.20	
1961	10	19	32.00	
1961	10	20	31.78	33.23
1961	10	21	32.83	
1961	10	22		
1961	10	23		
1961	10	24	32.29	
1961	10	25	32.56	
1961	10	26	30.93	
1961	10	27	31.18	34.69
1961	10	28	31.97	
1961	10	29	32.49	
1961	10	30	32.29	
1961	10	31	32.29	
1961	11	1	31.71	
1961	11	2	33.48	
1961	11	3	32.05	32.06
1961	11	4	32.40	
1961	11	5	31.83	
1961	11	6	31.13	
1961	11	7	31.44	
1961	11	8	31.77	
1961	11	9	33.11	
1961	11	10	32.00	35.59
1961	11	11	32.26	
1961	11	12	30.97	
1961	11	13	31.73	
1961	11	14	31.89	
1961	11	15	32.98	
1961	11	16	31.75	
1961	11	17	30.72	
1961	11	18	31.56	
1961	11	19	33.08	
1961	11	20		
1961	11	21		
1961	11	22	32.83	
1961	11	23	32.83	
1961	11	24	32.55	
1961	11	25	32.87	
1961	11	26	32.98	
1961	11	27	32.62	
1961	11	28		
1961	11	29	32.09	
1961	11	30	33.05	
1961	12	1	31.32	
1961	12	2	31.95	34.20
1961	12	3	31.94	
1961	12	4	32.42	
1961	12	5	30:98	
1961	12	6	31.67	
1961	12	7	32.22	
1961	12	8	32.83	32.82
1961	12	9	32.41	
1961	12	10	32.43	
1961	12	11	31.95	
1961	12	12	32.51	
1961	12	13	32.49	
1961	12	14	30.95	
1961	12	15	32.62	33.31
1961	12	16	33.54	
1961	12	17	32.79	
1961	12	18	32.94	
1961	12	19	32.68	
1961	12	20	32.52	
1961	12	21	32.86	
1961	12	22	32.65	33.24
1961	12	23	32.43	
1961	12	24	32.98	
1961	12	25	32.99	
1961	12	26	31.06	
1961	12	27	31.43	
1961	12	28	31.73	
1961	12	29	32.22	32.22
1961	12	30	31.40	
1961	12	31	31.44	
1962	1	1	31.20	
1962	1	2	32.99	
1962	1	3		
1962	1	4	30.74	
1962	1	5	32.90	33.24
1962	1	6	32.67	
1962	1	7	32.40	
1962	1	8	31.70	
1962	1	9	31.69	
1962	1	10	31.71	
1962	1	11	32.63	
1962	1	12	31.87	32.33
1962	1	13	32.28	
1962	1	14	28.74	
1962	1	15	32.76	
1962	1	16	31.63	
1962	1	17	31.09	
1962	1	18	31.79	
1962	1	19	32.34	33.26
1962	1	20	33.04	
1962	1	21	32.51	
1962	1	22	31.35	
1962	1	23	31.82	
1962	1	24	31.76	
1962	1	25	30.87	
1962	1	26	32.30	33.75
1962	1	27	31.71	
1962	1	28	32.44	
1962	1	29	32.35	
1962	2	1	30.26	
1962	2	2	32.47	32.43
1962	2	3	32.47	
1962	2	4	32.06	
1962	2	5	31.00	
1962	2	6	32.63	
1962	2	7	32.52	
1962	2	8	31.45	
1962	2	9	31.06	32.84
1962	2	10	32.05	
1962	2	11	32.78	
1962	2	12	32.76	
1962	2	13	32.80	
1962	2	14	32.54	
1962	2	15	32.64	
1962	2	16	32.94	32.72
1962	2	17	32.68	
1962	2	18	32.64	
1962	2	19	32.48	
1962	2	20	33.05	
1962	2	21	32.51	
1962	2	22	31.88	
1962	2	23	31.37	32.42
1962	2	24	32.36	
1962	2	25	32.30	
1962	2	26	32.36	
1962	2	27	32.16	
1962	2	28	32.42	
1962	3	1	32.16	
1962	3	2	32.37	32.14
1962	3	3	32.36	
1962	3	4	32.39	
1962	3	5	32.86	
1962	3	6		
1962	3	7		
1962	3	8	31.88	
1962	3	9	31.03	32.21
1962	3	10	31.44	
1962	3	11	32.00	
1962	3	12		
1962	3	13	31.93	
1962	3	14	29.55	
1962	3	15	28.85	
1962	3	16	28.64	32.33
1962	3	17	30.53	
1962	3	18	31.35	
1962	3	19	29.57	
1962	3	20	23.74	
1962	3	21	26.81	
1962	3	22	31.36	
1962	3	23	31.62	32.05
1962	3	24	32.01	
1962	3	25	30.22	
1962	3	26	29.80	
1962	3	27	30.37	
1962	3	28	27.98	
1962	3	29	26.23	
1962	3	30	29.31	32.10
1962	3	31	30.09	
1962	4	1	32.18	
1962	4	2	29.35	
1962	4	3	28.87	
1962	4	4	29.73	
1962	4	5	29.86	
1962	4	6	27.79	32.53
1962	4	7	26.53	
1962	4	8	28.63	
1962	4	9		
1962	4	10	27.63	
1962	4	11	21.05	
1962	4	12	26.00	
1962	4	13	31.57	31.92
1962	4	14	29.95	
1962	4	15	24.65	
1962	4	16	30.32	
1962	4	17	29.43	
1962	4	18	25.91	
1962	4	19	29.52	
1962	4	20	28.27	32.36
1962	4	21	26.87	
1962	4	22	27.44	
1962	4	23	27.85	
1962	4	24	28.91	
1962	4	25	26.96	
1962	4	26	29.07	
1962	4	27	26.87	32.43
1962	4	28	25.75	
1962	4	29	28.74	
1962	4	30	32.18	
1962	5	1	31.54	
1962	5	2	31.12	
1962	5	3	30.49	
1962	5	4	30.22	31.36
1962	5	5	28.96	
1962	5	6	28.15	
1962	5	7	28.75	
1962	5	8	28.47	
1962	5	9	27.81	
1962	5	10	29.49	
1962	5	11	26.62	31.87
1962	5	12	27.29	
1962	5	13	30.51	
1962	5	14	30.40	
1962	5	15	29.04	
1962	5	16	29.89	
1962	5	17	30.06	
1962	5	18	30.36	31.65
1962	5	19	27.64	
1962	5	20	27.46	
1962	5	21	28.49	
1962	5	22	30.37	
1962	5	23	28.92	
1962	5	24	30.00	
1962	5	25	28.56	
1962	5	26	28.62	
1962	5	27	29.08	
1962	5	28	29.00	
1962	5	29	29.43	
1962	5	30	29.43	
1962	5	31	29.86	
1962	6	1	29.96	
1962	6	2	29.52	
1962	6	3	28.76	
1962	6	4	28.75	
1962	6	5	28.75	
1962	6	6	28.80	
1962	6	7	29.07	
1962	6	8	28.51	
1962	6	9	28.94	
1962	6	10	29.65	
1962	6	11	28.55	
1962	6	12	31.07	
1962	6	13	31.07	
1962	6	14	31.10	31.39
1962	6	15	31.11	
1962	6	16	31.01	
1962	6	17	29.88	
1962	6	18	28.68	
1962	6	19	29.77	
1962	6	20	29.76	
1962	6	21	28.97	
1962	6	22	31.94	
1962	6	23	29.39	
1962	6	24	29.01	
1962	6	25	29.34	
1962	6	26	27.96	
1962	6	27	28.56	
1962	6	28	29.21	
1962	6	29	29.52	
1962	6	30	29.08	
1962	7	1	29.64	
1962	7	2	29.52	
1962	7	3	30.18	
1962	7	4	29.81	
1962	7	5	30.00	
1962	7	6	30.19	
1962	7	7	29.00	
1962	7	8	29.31	
1962	7	9	30.01	
1962	7	10	30.19	
1962	7	11	29.93	
1962	7	12	28.10	
1962	7	13	28.85	32.03
1962	7	14	29.36	
1962	7	15	30.14	
1962	7	16	30.38	
1962	7	17	31.03	
1962	7	18	31.02	
1962	7	19	30.97	
1962	7	20	30.83	
1962	7	21	30.33	
1962	7	22	30.07	
1962	7	23	29.41	
1962	7	24	30.22	
1962	7	25	29.40	
1962	7	26	29.29	
1962	7	27	30.40	32.14
1962	7	28	30.18	
1962	7	29	30.44	
1962	7	30	30.86	
1962	7	31	29.66	
1962	8	1	30.63	
1962	8	2	30.31	
1962	8	3	30.46	
1962	8	4	30.74	
1962	8	5	30.48	
1962	8	6	30.18	
1962	8	7	30.44	
1962	8	8	30.54	
1962	8	9		
1962	8	10	31.02	31.53
1962	8	11	31.25	
1962	8	12	31.45	
1962	8	13	31.21	
1962	8	14	30.30	
1962	8	15	30.92	
1962	8	16	29.68	
1962	8	17	30.11	30.02
1962	8	18	29.86	
1962	8	19	30.03	
1962	8	20	30.28	
1962	8	21	30.00	
1962	8	22	29.91	
1962	8	23	30.67	
1962	8	24	29.94	30.05
1962	8	25	29.70	
1962	8	26	29.30	
1962	8	27	30.50	
1962	8	28	29.75	
1962	8	29	30.80	
1962	8	30	30.97	
1962	8	31	30.07	31.91
1962	9	1	29.22	
1962	9	2	29.94	
1962	9	3	30.84	
1962	9	4	30.84	
1962	9	5	30.52	
1962	9	6	30.79	
1962	9	7	30.99	31.76
1962	9	8	30.13	
1962	9	9	29.42	
1962	9	10	29.73	
1962	9	11	30.09	
1962	9	12	30.97	
1962	9	13	30.09	
1962	9	14	30.04	32.31
1962	9	15	30.86	
1962	9	16	30.69	
1962	9	17	30.37	
1962	9	18	30.54	
1962	9	19	30.92	
1962	9	20	31.44	
1962	9	21	31.44	32.37
1962	9	22	30.38	
1962	9	23	31.10	
1962	9	24	31.68	
1962	9	25	31.70	
1962	9	26	31.66	
1962	9	27	31.19	
1962	9	28	31.24	31.68
1962	9	29	31.37	
1962	9	30	30.88	
1962	10	1	30.58	
1962	10	2	32.10	
1962	10	3	31.82	
1962	10	4	32.11	
1962	10	5	32.01	
1962	10	6		
1962	10	7	32.04	
1962	10	8	31.75	
1962	10	9	31.85	
1962	10	10		
1962	10	11	32.84	
1962	10	12	32.58	
1962	10	13	32.68	
1962	10	14	31.28	32.80
1962	10	15	31.79	
1962	10	16	31.85	
1962	10	17	31.87	
1962	10	18	32.36	
1962	10	19	32.13	
1962	10	20	32.08	32.36
1962	10	21		
1962	10	22	32.28	
1962	10	23	32.44	
1962	10	24	32.22	
1962	10	25	31.55	
1962	10	26	32.22	
1962	10	27	31.86	
1962	10	28	31.86	32.74
1962	10	29	31.81	
1962	10	30	31.98	
1962	10	31	32.16	
1962	11	1	32.46	
1962	11	2	32.09	32.27
1962	11	3		
1962	11	4	29.86	
1962	11	5	31.81	
1962	11	6	32.00	
1962	11	7	32.32	
1962	11	8	31.88	
1962	11	9	32.21	
1962	11	10		
1962	11	11	31.38	
1962	11	12	32.16	
1962	11	13	31.87	
1962	11	14	32.08	
1962	11	15	31.23	
1962	11	16	32.42	32.14
1962	11	17	32.39	
1962	11	18	32.42	
1962	11	19	32.41	
1962	11	20	32.62	
1962	11	21	31.31	
1962	11	22	29.91	
1962	11	23	30.61	32.28
1962	11	24	31.55	
1962	11	25	32.22	
1962	11	26	32.36	
1962	11	27	33.24	
1962	11	28		
1962	11	29	30.86	
1962	11	30	32.18	31.65
1962	12	1	30.58	
1962	12	2	32.10	
1962	12	3	31.82	
1962	12	4	32.11	
1962	12	5	32.01	
1962	12	6		
1962	12	7	32.04	
1962	12	8	31.75	
1962	12	9	31.85	
1962	12	10	32.84	
1962	12	11	32.58	
1962	12	12	32.68	
1962	12	13	31.20	32.80
1962	12	14	31.79	
1962	12	15	31.85	
1962	12	16	31.87	
1962	12	17	32.36	
1962	12	18	32.13	
1962	12	19	32.08	32.36
1962	12	20	32.28	
1962	12	21	32.44	
1962	12	22	32.22	
1962	12	23	31.55	
1962	12	24	32.22	
1962	12	25	31.86	
1962	12	26	31.86	32.74
1962	12	27	31.81	
1962	12	28	31.98	
1962	12	29	32.16	
1963	1	3	32.49	
1963	1	4	32.36	
1963	1	5	32.10	
1963	1	6	32.13	
1963	1	7	32.12	
1963	1	8	32.08	
1963	1	9	31.93	
1963	1	10	31.22	32.70
1963	1	11	31.38	
1963	1	12	31.35	
1963	1	13	32.02	
1963	1	14	32.04	
1963	1	15	30.34	
1963	1	16	31.03	
1963	1	17	30.47	32.59
1963	2	1	32.08	
1963	2	2	32.51	
1963	2	3	32.84	
1963	2	4	32.20	
1963	2	5	31.22	
1963	2	6		
1963	2	7		
1963	2	8	32.68	
1963	2	9	31.47	
1963	2	10	30.48	
1963	2	11	30.71	
1963	2	12	32.31	
1963	2	13	31.19	32.84
1963	2	14	32.06	
1963	2	15	32.54	
1963	2	16	32.40	
1963	2	17	29.87	
1963	2	18	30.07	
1963	2	19	31.93	
1963	2	20	32.11	32.94
1963	2	21	31.85	
1963	2	22	32.49	
1963	2	23	32.57	
1963	2	24	32.94	
1963	2	25	33.24	
1963	2	26	32.31	
1963	3	1	32.40	33.06
1963	3	2	33.01	
1963	3	3	33.05	
1963	3	4	32.59	
1963	3	5	32.52	
1963	3	6	32.59	
1963	3	7	31.58	
1963	3	8	30.99	32.62
1963	3	9	30.53	
1963	3	10	31.04	
1963	3	11	32.10	
1963	3	12	32.20	
1963	3	13	32.30	
1963	3	14	32.20	
1963	3	15	32.24	32.38
1963	3	16	32.31	
1963	3	17	28.11	
1963	3	18	32.05	
1963	3	19	32.33	
1963	3	20	32.30	
1963	3	21	32.22	
1963	3	22	31.96	32.21
1963	3	23	32.31	
1963	3	24	31.85	
1963	3	25	30.25	
1963	3	26	29.67	
1963	3	27	30.20	
1963	3	28	28.12	
1963	3	29	28.78	32.51
1963	3	30	27.98	
1963	3	31	28.95	
1963	4	1	22.62	
1963	4	2	18.32	
1963	4	3	21.04	
1963	4	4	23.41	
1963	4	5	29.56	32.09
1963	4	6	29.61	
1963	4	7	26.49	
1963	4	8	30.10	
1963	4	9	28.25	
1963	4	10	30.72	
1963	4	11	30.67	
1963	4	12	28.36	32.02
1963	4	13	26.65	
1963	4	14	26.39	
1963	4	15	28.10	
1963	4	16	25.27	
1963	4	17	28.74	
1963	4	18	29.02	
1963	4	19	28.98	32.03
1963	4	20	28.06	
1963	4	21	29.58	
1963	4	22	30.13	
1963	4	23	30.19	
1963	4	24	30.64	
1963	4	25	29.27	
1963	4	26	30.33	32.05
1963	4	27	29.46	
1963	4	28	28.38	
1963	4	29	28.73	
1963	5	1	31.12	
1963	5	2	31.43	
1963	5	3	31.42	32.20
1963	5	4	28.19	
1963	5	5	27.64	
1963	5	6	29.72	
1963	5	7	29.75	
1963	5	8	29.29	
1963	5	9	28.58	
1963	5	10	28.50	32.70
1963	5	11	30.92	
1963	5	12	31.25	
1963	5	13	31.02	
1963	5	14	30.12	
1963	5	15	30.11	
1963	5	16	26.93	
1963	5	17	28.11	32.40
1963	5	18		
1963	5	19	29.69	
1963	5	20	29.86	
1963	5	21	28.54	
1963	5	22	28.16	
1963	5	23	29.62	
1963	5	24	30.10	31.97
1963	5	25	28.24	
1963	5	26	29.30	
1963	5	27	29.81	
1963	5	28	28.68	
1963	5	29	28.81	
1963	5	30	29.25	
1963	5	31	29.40	31.86
1963	6	1	29.35	
1963	6	2	29.39	
1963	6	3	30.18	
1963	6	4	29.93	
1963	6	5	29.81	
1963	6	6	29.66	
1963	6	7	28.76	31.92
1963	6	8	30.71	
1963	6	9	30.57	
1963	6	10	29.29	
1963	6	11	29.30	
1963	6	12	28.86	
1963	6	13	29.27	
1963	6	14	28.53	31.13
1963	6	15	29.58	
1963	6	16	29.32	
1963	6	17	28.33	
1963	6	18	28.58	
1963	6	19	31.12	
1963	6	20	29.58	
1963	6	21	29.48	29.26
1963	6	22	28.39	
1963	6	23	30.07	
1963	6	24	29.19	
1963	6	25	29.58	
1963	6	26	28.92	
1963	6	27	29.35	
1963	6	28	28.60	32.14
1963	6	29	29.34	
1963	6	30	28.65	
1963	7	1	30.17	
1963	7	2	29.71	
1963	7	3	30.02	
1963	7	4	30.76	
1963	7	5	29.87	32.19
1963	7	6	28.92	
1963	7	7	30.17	
1963	7	8	30.60	
1963	7	9	30.84	
1963	7	10	29.67	
1963	7	11	29.74	
1963	7	12	29.50	31.56
1963	7	13	29.82	
1963	7	14	30.61	
1963	7	15	28.83	
1963	7	16	30.06	
1963	7	17	29.63	
1963	7	18	30.60	
1963	7	19	30.72	32.00
1963	7	20	29.87	
1963	7	21	29.99	
1963	7	22	29.98	
1963	7	23	30.50	
1963	7	24	30.39	
1963	7	25	29.45	
1963	7	26	29.76	31.65
1963	7	27	30.22	
1963	7	28	30.06	
1963	7	29	30.27	
1963	7	30	28.72	
1963	7	31	29.85	
1963	8	1	30.32	
1963	8	2	29.41	31.81
1963	8	3	29.84	
1963	8	4	30.02	
1963	8	5	30.39	
1963	8	6	30.31	
1963	8	7	29.91	
1963	8	8	30.53	
1963	8	9	30.77	32.05
1963	8	10	30.13	
1963	8	11	30.45	
1963	8	12	30.53	
1963	8	13	30.73	
1963	8	14	31.30	
1963	8	15	31.49	
1963	8	16	30.93	32.29
1963	8	17	30.45	
1963	8	18	30.68	
1963	8	19	31.40	
1963	8	20	30.14	
1963	8	21	30.92	
1963	8	22	31.03	
1963	8	23	30.35	32.16
1963	8	24	30.75	
1963	8	25	31.52	
1963	8	26	31.58	
1963	8	27	31.60	
1963	8	28	31.14	
1963	8	29	29.70	
1963	8	30	30.88	32.00
1963	9	1	30.71	
1963	9	2	30.76	
1963	9	3	30.22	
1963	9	4	31.13	
1963	9	5	30.95	
1963	9	6	31.86	
1963	9	7	31.78	
1963	9	8	29.89	
1963	9	9	30.19	
1963	9	10	30.23	
1963	9	11	31.09	
1963	9	12	30.26	30.38
1963	9	13	31.41	
1963	9	14	31.53	
1963	9	15	31.54	
1963	9	16	31.42	
1963	9	17	31.52	
1963	9	18	31.66	
1963	9	19	31.65	
1963	9	20	30.59	
1963	9	21	31.93	
1963	9	22	31.85	
1963	9	23	31.78	
1963	9	24	31.73	
1963	9	25	31.62	
1963	9	26	30.49	30.87
1963	9	27	30.83	
1963	9	28	30.84	
1963	9	29	31.64	
1963	9	30	31.74	
1963	10	1	31.98	
1963	10	2	30.55	
1963	10	3	30.35	
1963	10	4	31.75	
1963	10	5	31.25	
1963	10	6	30.91	
1963	10	7	30.58	
1963	10	8	30.59	
1963	10	9	31.61	
1963	10	10	31.51	
1963	10	11	31.29	
1963	10	12	31.40	
1963	10	13	31.70	
1963	10	14	32.77	
1963	10	15	31.28	
1963	10	16	31.28	
1963	10	17	30.83	
1963	10	18	32.04	32.95
1963	10	19	31.98	
1963	10	20	30.97	
1963	10	21	30.73	
1963	10	22		
1963	10	23		
1963	10	24	31.79	
1963	10	25	31.72	32.15
1963	10	26	31.30	
1963	10	27	31.12	
1963	10	28	31.72	
1963	10	29	32.14	
1963	10	30		
1963	10	31	32.55	
1963	11	1		
1963	11	2	30.36	
1963	11	3	32.25	
1963	11	4	32.73	
1963	11	5	32.35	
1963	11	6	32.12	
1963	11	7		
1963	11	8	32.23	32.41
1963	11	9	32.22	
1963	11	10	32.21	
1963	11	11	31.99	
1963	11	12	32.21	
1963	11	13	30.71	
1963	11	14	31.84	
1963	11	15	31.82	32.37
1963	11	16	32.07	
1963	11	17	31.74	
1963	11	18	31.42	
1963	11	19	32.20	
1963	11	20	32.23	
1963	11	21	30.91	
1963	11	22	31.65	
1963	11	23	31.26	
1963	11	24	31.84	
1963	11	25	32.87	
1963	11	26	32.05	
1963	11	27	31.32	
1963	11	28	32.30	
1963	12	1	32.71	
1963	12	2	32.00	
1963	12	3	32.66	
1963	12	4	32.10	
1963	12	5	32.52	
1963	12	6	32.50	32.56
1963	12	7	32.99	
1963	12	8	32.54	
1963	12	9	31.83	
1963	12	10	32.41	
1963	12	11	32.83	
1963	12	12	32.53	
1963	12	13	32.42	32.59
1963	12	14	32.35	
1963	12	15	32.38	
1963	12	16	32.17	
1963	12	17	32.48	
1963	12	18	31.72	
1963	12	19	32.58	
1963	12	20	32.50	33.03
1963	12	21	33.75	
1963	12	22	33.45	
1963	12	23	33.92	
1963	12	24	32.86	
1963	12	25	32.56	
1963	12	26	31.90	
1963	12	27	33.27	33.09
1963	12	28	33.26	
1963	12	29	33.11	
1963	12	30	33.11	
1963	12	31	32.45	
1964	1	1	33.26	
1964	1	2	31.89	
1964	1	3	31.91	33.20
1964	1	4	32.30	
1964	1	5	32.24	
1964	1	6	33.19	
1964	1	7	32.62	
1964	1	8	32.72	
1964	1	9	32.84	
1964	1	10		
1964	1	11	32.16	
1964	1	12	33.05	
1964	1	13		
1964	1	14	32.56	
1964	1	15	32.84	
1964	1	16	31.87	
1964	1	17	32.05	32.79
1964	1	18	32.40	
1964	1	19	32.16	
1964	1	20	31.88	
1964	1	21	32.42	
1964	1	22	32.06	
1964	1	23	32.42	
1964	1	24	31.82	32.72
1964	1	25	30.60	
1964	1	26	30.54	
1964	1	27	30.30	
1964	1	28	32.06	
1964	1	29	31.98	
1964	1	30	30.75	
1964	2	1	28.13	
1964	2	2	30.91	
1964	2	3	31.55	
1964	2	4	29.47	
1964	2	5	30.64	
1964	2	6	31.40	
1964	2	7	31.96	
1964	2	8	30.09	
1964	2	9	30.54	
1964	2	10	31.26	
1964	2	11	31.59	
1964	2	12	32.54	
1964	2	13	32.71	
1964	2	14	31.19	32.83
1964	2	15	32.02	
1964	2	16	32.10	
1964	2	17	32.49	
1964	2	18	30.94	
1964	2	19		
1964	2	20	28.08	
1964	2	21	32.25	32.56
1964	2	22	31.68	
1964	2	23	31.74	
1964	2	24	30.67	
1964	2	25	31.65	
1964	2	26	30.30	
1964	2	27	31.94	
1964	2	28	31.61	33.45
1964	2	29	32.32	
1964	3	1	32.32	
1964	3	2	31.78	
1964	3	3		
1964	3	4	31.19	
1964	3	5		
1964	3	6	32.03	33.33
1964	3	7	32.19	
1964	3	8	30.12	
1964	3	9	31.49	
1964	3	10	31.70	
1964	3	11	32.05	
1964	3	12	32.16	
1964	3	13	32.01	32.32
1964	3	14	28.96	
1964	3	15	29.20	
1964	3	16	29.80	
1964	3	17	27.33	
1964	3	18	31.97	
1964	3	19	31.10	
1964	3	20	30.19	
1964	3	21	32.46	
1964	3	22	32.45	
1964	3	23	32.63	
1964	3	24	28.66	
1964	3	25	28.63	
1964	3	26	32.07	
1964	3	27		
1964	3	28	31.60	
1964	3	29	31.51	
1964	3	30	32.74	
1964	3	31	31.97	
1964	4	1		
1964	4	2	27.99	
1964	4	3	31.25	
1964	4	4	31.41	
1964	4	5	32.01	
1964	4	6	29.89	
1964	4	7	29.15	
1964	4	8		
1964	4	9	29.70	
1964	4	10	28.86	
1964	4	11	28.58	
1964	4	12		
1964	4	13	29.64	
1964	4	14		
1964	4	15		
1964	4	16	31.33	
1964	4	17	30.06	
1964	4	18	27.94	
1964	4	19	29.07	
1964	4	20	27.90	
1964	4	21	31.25	
1964	4	22	31.74	
1964	4	23	31.36	
1964	4	24	31.49	
1964	4	25	31.67	
1964	4	26	31.05	
1964	4	27	29.28	
1964	4	28	27.57	
1964	5	1		
1964	5	2	31.59	
1964	5	3	31.54	
1964	5	4	31.60	
1964	5	5	31.16	
1964	5	6	31.34	
1964	5	7	30.82	
1964	5	8	30.64	31.79
1964	5	9	30.76	
1964	5	10	30.57	
1964	5	11	30.04	
1964	5	12	28.68	
1964	5	13	28.95	
1964	5	14	29.83	
1964	5	15	30.23	32.54
1964	5	16	30.67	
1964	5	17	29.07	
1964	5	18		
1964	5	19	28.62	
1964	5	20	28.90	
1964	5	21	30.32	
1964	5	22	28.91	32.78
1964	5	23	30.82	
1964	5	24	28.98	
1964	5	25	30.35	
1964	5	26	30.60	
1964	5	27	30.27	
1964	5	28	30.30	
1964	5	29	28.28	
1964	5	30	32.97	
1964	5	31	29.50	
1964	6	1	29.82	
1964	6	2	29.21	
1964	6	3	30.64	
1964	6	4	31.12	
1964	6	5	31.53	32.06
1964	6	6	30.48	
1964	6	7	29.25	
1964	6	8	29.83	
1964	6	9	29.79	
1964	6	10	30.24	
1964	6	11	31.38	
1964	6	12	31.15	32.73
1964	6	13	30.55	
1964	6	14	30.38	
1964	6	15	30.84	
1964	6	16	31.54	
1964	6	17	31.67	
1964	6	18	30.47	
1964	6	19	30.92	32.85
1964	6	20	30.60	
1964	6	21	30.60	
1964	6	22	30.81	
1964	6	23	31.50	
1964	6	24	31.16	
1964	6	25	31.36	
1964	6	26	31.46	31.87
1964	6	27	30.91	
1964	6	28	31.65	
1964	6	29	30.86	
1964	6	30	30.78	
1964	7	1	30.14	
1964	7	2	30.93	
1964	7	3	30.16	32.27
1964	7	4	29.59	
1964	7	5	31.56.	
1964	7	6	31.56	
1964	7	7	31.55	
1964	7	8	31.13	
1964	7	9	31.54	
1964	7	10	31.47	31.58
1964	7	11	31.38	
1964	7	12	30.96	
1964	7	13		
1964	7	14	30.83	
1964	7	15	29.98	
1964	7	16	29.93	
1964	7	17	29.12	31.21
1964	7	18	29.37	
1964	7	19	29.20	
1964	7	20	29.12	
1964	7	21	30.41	
1964	7	22	30.42	
1964	7	23	29.84	
1964	7	24	30.57	31.72
1964	7	25	31.29	
1964	7	26	31.67	
1964	7	27	30.28	
1964	7	28	30.15	
1964	7	29	29.99	
1964	7	30	30.10	
1964	7	31	31.16	31.16
1964	8	1	29.73	
1964	8	2	31.20	
1964	8	3	31.33	
1964	8	4	31.22	
1964	8	5	30.48	
1964	8	6	31.37	
1964	8	7	30.53	31.68
1964	8	8	31.30	
1964	8	9	31.19	
1964	8	10	31.92	
1964	8	11	30.92	
1964	8	12	31.42	
1964	8	13	31.14	
1964	8	14	31.80	31.72
1964	8	15	31.76	
1964	8	16	30.05	
1964	8	17	31.67	
1964	8	18	31.57	
1964	8	19	31.70	
1964	8	20	31.51	
1964	8	21	31.57	32.13
1964	8	22	30.92	
1964	8	23	31.07	
1964	8	24	30.46	
1964	8	25	30.32	
1964	8	26	30.47	
1964	8	27	30.53	
1964	8	28	30.41	31.65
1964	8	29	30.80	
1964	8	30	31.43	
1964	8	31	31.18	
1964	9	1	31.20	
1964	9	2	31.74	
1964	9	3	31.61	
1964	9	4	31.18	31.72
1964	9	5	30.59	
1964	9	6	31.07	
1964	9	7	31.32	
1964	9	8	30.50	
1964	9	9	31.31	
1964	9	10	31.80	
1964	9	11	31.89	32.01
1964	9	12	31.89	
1964	9	13	31.95	
1964	9	14	31.90	
1964	9	15	31.96	
1964	9	16	32.02	
1964	9	17	31.03	
1964	9	18	30.66	31.77
1964	9	19	31.79	
1964	9	20	31.86	
1964	9	21	31.96	
1964	9	22	31.90	
1964	9	23	31.97	
1964	9	24	31.32	
1964	9	25	31.17	31.82
1964	9	26	31.51	
1964	9	27	31.76	
1964	9	28	31.76	
1964	9	29	31.80	
1964	9	30	31.76	
1964	10	1	31.85	
1964	10	2	31.84	31.82
1964	10	3	31.72	
1964	10	4	30.98	
1964	10	5	31.39	
1964	10	6	31.99	
1964	10	7	32.10	
1964	10	8	32.10	
1964	10	9	32.01	
1964	10	10	31.82	
1964	10	11	32.06	
1964	10	12	31.51	
1964	10	13	31.98	
1964	10	14	31.40	
1964	10	15	31.00	
1964	10	16	31.46	31.68
1964	10	17	31.69	
1964	10	18	31.74	
1964	10	19	31.87	
1964	10	20	31.87	
1964	10	21	32.36	
1964	10	22	30.92	
1964	10	23	31.57	31.77
1964	10	24	31.77	
1964	10	25	31.08	
1964	10	26	30.86	
1964	10	27	31.43	
1964	10	28	31.47	
1964	10	29	31.15	
1964	10	30	31.30	32.11
1964	10	31	31.51	
1964	11	1	31.77	
1964	11	2	31.17	
1964	11	3	31.50	
1964	11	4	31.22	
1964	11	5	31.14	
1964	11	6	31.87	31.94
1964	11	7		
1964	11	8	31.97	
1964	11	9	31.78	
1964	11	10	32.10	
1964	11	11	31.45	
1964	11	12	31.22	
1964	11	13	30.65	31.20
1964	11	14	31.36	
1964	11	15	31.54	
1964	11	16	31.76	
1964	11	17	31.71	
1964	11	18	31.99	
1964	11	19	32.79	
1964	11	20	32.30	32.03
1964	11	21	31.21	
1964	11	22	32.42	
1964	11	23	32.45	
1964	11	24	32.45	
1964	11	25	32.02	
1964	11	26	31.80	
1964	11	27	31.27	32.08
1964	11	28	32.06	
1964	11	29	32.20	
1964	11	30	32.32	
1964	12	1	32.33	
1964	12	2	32.68	
1964	12	3	31.78	
1964	12	4	31.81	31.80
1964	12	5	32.44	
1964	12	6		
1964	12	7		
1964	12	8	30.43	
1964	12	9	31.13	
1964	12	10	32.11	
1964	12	11	30.40	32.07
1964	12	12	30.65	
1964	12	13	31.22	
1964	12	14	31.36	
1964	12	15	31.95	
1964	12	16	31.98	
1964	12	17	30.84	
1964	12	18	31.82	32.02
1964	12	19	31.70	
1964	12	20	30.46	
1964	12	21	31.91	
1964	12	22	32.44	
1964	12	23	30.80	
1964	12	24	30.63	
1964	12	25	31.45	31.46
1964	12	26	31.56	
1964	12	27	31.83	
1964	12	28	32.25	
1964	12	29	32.01	
1964	12	30	31.25	
1964	12	31	31.13	
1965	1	1	31.54	31.46
1965	1	2	31.97	
1965	1	3	32.19	
1965	1	4	31.96	
1965	1	5	31.26	
1965	1	6	30.83	
1965	1	7	31.11	
1965	1	8	31.43	31.87
1965	1	9	29.40	
1965	1	10	31.09	
1965	1	11	32.45	
1965	1	12	30.63	
1965	1	13	30.60	
1965	1	14	31.26	
1965	1	15	31.95	32.18
1965	1	16		
1965	1	17		
1965	1	18	32.03	
1965	1	19	30.92	
1965	1	20	31.98	
1965	1	21	31.47	
1965	1	22	32.17	32.17
1965	1	23	32.28	
1965	1	24		
1965	1	25	32.19	
1965	1	26	32.09	
1965	1	27	31.62	
1965	1	28	31.22	
1965	1	29	31.12	32.13
1965	1	30	31.77	
1965	1	31	32.06	
1965	2	2	31.19	
1965	2	3	31.13	
1965	2	4	32.59	
1965	2	5	31.86	32.21
1965	2	6		
1965	2	7	31.43	
1965	2	8	30.78	
1965	2	9	30.23	
1965	2	10	30.40	
1965	2	11	31.88	
1965	2	12	32.46	
1965	2	13	32.26	
1965	2	14	32.40	
1965	2	15	32.45	
1965	2	16	31.79	
1965	2	17	31.86	
1965	2	18	31.20	
1965	2	19	31.30	31.33
1965	2	20	32.22	
1965	2	21	30.43	
1965	2	22		
1965	2	23	31.32	
1965	2	24	31.68	
1965	2	25	32.33	
1965	2	26	31.89	
1965	2	27	31.72	
1965	2	28	29.46	
1965	3	1		
1965	3	2	31.98	
1965	3	3	31.59	
1965	3	4	31.55	
1965	3	5	29.66	
1965	3	6	31.75	
1965	3	7	32.07	
1965	3	8	31.83	
1965	3	9	32.07	
1965	3	10	31.72	
1965	3	11		
1965	3	12		
1965	3	13		
1965	3	14	31.62	
1965	3	15	29.45	
1965	3	16		
1965	3	17	30.27	
1965	4	1	24.19	
1965	4	2	30.29	
1965	4	3	31.43	
1965	4	4	31.66	
1965	4	5	30.82	
1965	4	6	29.36	
1965	4	7	29.88	
1965	4	8	29.50	32.20
1965	4	9	31.02	
1965	4	10	31.63	
1965	4	11	31.84	
1965	4	12	29.58	
1965	4	13	31.93	
1965	4	14	32.20	
1965	4	15	31.47	
1965	4	16	29.60	31.73
1965	4	17	30.90	
1965	4	18	30.36	
1965	4	19	30.30	
1965	4	20	29.74	
1965	4	21	29.61	
1965	4	22	2918.00	
1965	4	23	29.48	31.37
1965	4	24	31.15	
1965	4	25	25.03	
1965	4	26	27.00	
1965	4	27	25.37	
1965	4	28	29.00	
1965	4	29	29.35	
1965	4	30	29.76	31.77
1965	5	1	30.25	
1965	5	2	28.52	
1965	5	3	28.09	
1965	5	4	29.14	
1965	5	5	29.00	
1965	5	6	28.80	
1965	5	7	28.09	28.07
1965	5	8	29.13	
1965	5	9	30.41	
1965	5	10	29.59	
1965	5	11	30.03	
1965	5	12	30.72	
1965	5	13	29.67	
1965	5	14	31.04	31.00
1965	5	15	30.32	
1965	5	16	29.78	
1965	5	17	29.53	
1965	5	18	29.92	
1965	5	19	29.34	
1965	5	20	29.24	
1965	5	21	30.16	30.16
1965	5	22	30.22	
1965	5	23	28.00	
1965	5	24	31.12	
1965	5	25	30.50	
1965	5	26	30.55	
1965	5	27	28.96	
1965	5	28	29.11	31.74
1965	5	29	29.26	
1965	5	30	29.86	
1965	5	31	30.25	
1965	6	1	30.10	
1965	6	2	29.60	
1965	6	3	30.41	
1965	6	4	30.22	
1965	6	5	30.25	
1965	6	6	30.19	
1965	6	7		
1965	6	8	29.19	
1965	6	9	29.70	
1965	6	10	30.72	
1965	6	11	30.40	30.43
1965	6	12	30.81	
1965	6	13	31.30	
1965	6	14	31.08	
1965	6	15	30.74	
1965	6	16	31.43	
1965	6	17	31.46	
1965	6	18	31.25	31.26
1965	6	19	31.03	
1965	6	20	30.29	
1965	6	21	29.20	
1965	6	22	29.09	
1965	6	23	29.42	
1965	6	24	29.78	
1965	6	25	30.37	30.38
1965	6	26	3071.00	
1965	6	27	30.20	
1965	6	28	30.34	
1965	6	29	30.13	
1965	6	30	29.98	
1966	7	15	30.40	
1966	7	16	30.12	30.06
1966	7	17	29.86	
1966	7	18	30.20	
1966	7	19	29.58	
1966	7	20	30.63	
1966	7	21	30.81	
1966	7	22	29.86	
1966	7	23	29.36	29.34
1966	7	24	29.84	
1966	7	25	30.38	
1966	7	26	30.23	
1966	7	27	30.81	
1966	7	28	31.09	
1966	7	29	31.13	
1966	7	30	30.42	31.79
1966	7	31	30.36	
1966	8	1	30.81	
1966	8	2	30.97	
1966	8	3	31.20	
1966	8	4	31.15	
1966	8	5	30.44	
1966	8	6	30.63	31.63
1966	8	7	30.59	
1966	8	8	31.43	
1966	8	9	31.13	
1966	8	10	31.64	
1966	8	11	31.18	
1966	8	12	31.12	
1966	8	13	31.54	31.54
1966	8	14	31.50	
1966	8	15	31.13	
1966	8	16	31.00	
1966	8	17	31.46	
1966	8	18	30.50	
1966	8	19	30.32	
1966	8	20	31.48	31.63
1966	8	21	31.49	
1966	8	22	31.61	
1966	8	23	31.56	
1966	8	24	31.54	
1966	8	25	31.60	
1966	8	26	30.48	
1966	8	27	30.69	31.25
1966	8	28	30.59	
1966	8	29	31.26	
1966	8	30	30.78	
1966	8	31	31.52	
1966	9	1	31.58	
1966	9	2	31.76	
1966	9	3	31.65	31.83
1966	9	4	31.61	
1966	9	5	31.82	
1966	9	6	31.82	
1966	9	7	31.82	
1966	9	8	31.72	
1966	9	9	31.44	
1966	9	10	30.80	31.84
1966	9	11	30.75	
1966	9	12	30.80	
1966	9	13	31.65	
1966	9	14	31.92	
1966	9	15	30.68	
1966	9	16	30.78	
1966	9	17	31.14	31.38
1966	9	18	31.37	
1966	9	19	31.46	
1966	9	20	31.06	
1966	9	21	31.07	
1966	9	22	30.65	
1966	9	23	30.82	
1966	9	24	30.71	30.71
1966	9	25	31.25	
1966	9	26	31.43	
1966	9	27		
1966	9	28	31.63	
1966	9	29	31.22	
1966	9	30	31.77	
1966	10	1	31.78	31.88
1966	10	2	31.33	
1966	10	3	31.56	
1966	10	4	31.58	
1966	10	5	31.92	
1966	10	6	31.90	
1966	10	7	31.90	31.98
1966	10	8	30.78	
1966	10	9	30.88	
1966	10	10	31.17	
1966	10	11	31.30	
1966	10	12	30.43	
1966	10	13	30.89	
1966	10	14	30.53	
1966	10	15	30.86	31.90
1966	10	16	31.41	
1966	10	17	32.01	
1966	10	18	30.10	
1966	10	19	30.43	
1966	10	20	30.03	
1966	10	21	31.22	
1966	10	22	32.06	32.20
1966	10	23	32.06	
1966	10	24	32.09	
1966	10	25	32.01	
1966	10	26	30.89	
1966	10	27	31.05	
1966	10	28	30.97	
1966	10	29	31.80	
1966	10	30	32.10	
1966	10	31	31.68	
1966	11	1	31.81	
1966	11	2	32.13	
1966	11	3	31.48	
1966	11	4	30.66	
1966	11	5	32.00	32.20
1966	11	30	31.71	
1966	12	1	31.90	
1966	12	1	29.50	
1966	12	1	30.56	32.45
1966	12	1	30.64	
1966	12	1	31.07	
1966	12	1	30.94	
1966	12	1	32.02	
1966	12	1	32.15	
1966	12	1	32.25	
1966	12	1	31.66	32.54
1966	12	1	31.56	
1966	12	1	32.38	
1966	12	1	32.34	
1966	12	1	32.29	
1966	12	1	32.13	
1966	12	1	30.22	
1966	12	1	30.82	32.07
1966	12	1	32.03	
1966	12	1	30.05	
1966	12	1	31.26	
1966	12	1	32.00	
1966	12	1	31.10	
1966	12	1	29.66	
1966	12	1	30.17	31.95
1966	12	1		
1966	12	1	32.07	
1966	12	1	32.35	
1966	12	1	31.33	
1966	12	1	29.35	
1966	12	1	28.73	
1966	12	1	28.68	31.90
1967	1	1	30.75	
1967	1	2	31.66	
1967	1	3	30.29	
1967	1	4	31.97	
1967	1	5	31.80	
1967	1	6	31.12	32.02
1967	1	7	30.67	
1967	1	8	31.21	
1967	1	9	31.16	
1967	1	10	30.58	
1967	1	11	31.21	
1967	1	12	30.70	
1967	1	13	30.00	31.50
1967	1	14	29.80	
1967	1	15	31.12	
1967	1	16	30.46	
1967	1	17	29.19	
1967	1	18	31.38	
1967	1	19	31.82	
1967	1	20	30.93	31.52
1967	1	21	30.87	
1967	1	22	29.84	
1967	1	23	30.62	
1967	1	24	31.12	
1967	1	25	31.64	
1967	1	26	31.40	
1967	1	27	31.01	32.43
1967	1	28	32.47	
1967	1	29	30.26	
1967	1	30	31.41	
1967	1	31	30.25	
1967	2	1	31.29	
1967	2	2	30.88	
1967	2	3	31.02	31.68
1967	2	4	31.73	
1967	2	5	30.81	
1967	2	6	31.66	
1967	2	7	32.40	
1967	2	8	32.44	
1967	2	9	30.88	
1967	2	10	31.46	31.70
1967	2	11	30.59	
1967	2	12	31.39	
1967	2	13	31.56	
1967	2	14	28.87	
1967	2	15	29.75	
1967	2	16	28.63	
1967	2	17	32.74	
1967	2	18	32.79	
1967	2	19	32.74	
1967	2	20	32.27	
1967	2	21	31.63	
1967	2	22	32.26	
1967	2	23		
1967	2	24	32.28	32.73
1967	2	25	30.86	
1967	2	26	32.25	
1967	2	27	32.59	
1967	2	28	32.32	
1967	3	1	31.82	
1967	3	2	32.16	32.37
1967	3	3	31.55	
1967	3	4	32.12	
1967	3	5	31.38	
1967	3	6		
1967	3	7	30.98	
1967	3	8		
1967	3	9	31.65	32.55
1967	3	10	31.85	
1967	3	11	31.77	
1967	3	12	31.98	
1967	3	13	31.98	
1967	3	14	32.65	
1967	3	15	31.95	
1967	3	16	32.48	
1967	3	17	32.38	
1967	3	18	31.56	
1967	3	19	32.04	
1967	3	20	32.04	
1967	3	21	32.16	
1967	3	22		
1967	3	23	32.21	32.24
1967	3	24	32.13	
1967	3	25	32.19	
1967	3	26	32.16	
1967	3	27	32.17	
1967	3	28	31.72	
1967	3	29	32.04	32.18
1967	3	30	32.00	
1967	4	1	26.65	
1967	4	2		
1967	4	3		
1967	4	4	31.36	
1967	4	5	28.96	
1967	4	6		
1967	4	7	31.58	32.37
1967	4	8	28.11	
1967	4	9		
1967	4	10	29.70	
1967	4	11	30.40	
1967	4	12		
1967	4	13	30.00	
1967	4	14	27.35	
1967	4	15	27.53	33.06
1967	4	16		
1967	4	17		
1967	4	18	30.01	
1967	4	19	29.94	
1967	4	20	29.99	
1967	4	21	31.64	
1967	4	22	27.52	
1967	4	23	30.30	
1967	4	24	31.07	
1967	4	25	31.22	
1967	4	26	31.29	
1967	4	27	31.60	
1967	4	28	29.46	
1967	4	29	29.22	31.66
1967	4	30	31.55	
1967	5	19	26.41	
1967	5	20	29.40	
1967	5	21	30.31	
1967	5	22	29.36	
1967	5	23	29.79	
1967	5	24	29.89	
1967	5	25		
1967	5	26	31.22	31.24
1967	5	27	30.98	
1967	5	28	28.97	
1967	5	29	27.46	
1967	5	30	28.45	
1967	5	31	29.88	
1967	6	1	27.17	31.61
1967	6	2		
1967	6	3	27.09	
1967	6	4	26.49	
1967	6	5	27.53	
1967	6	6	27.93	
1967	6	7	28.62	
1967	6	8	29.28	
1967	6	9	28.58	
1967	6	10	29.47	
1967	6	11	29.61	
1967	6	12	29.04	
1967	6	13	29.03	
1967	6	14	30.57	
1967	6	15	31.01	31.43
1967	6	16	30.73	
1967	6	17	29.17	
1967	6	18	29.10	
1967	6	19	29.95	
1967	6	20	30.21	
1967	6	21	30.72	
1967	6	22	30.65	30.96
1967	6	23	29.79	
1967	6	24	29.81	
1967	7	1	30.41	
1967	7	2	27.16	
1967	7	3	28.38	
1967	7	4	28.64	
1967	7	5	28.84	
1967	7	6	27.49	
1967	7	7	26.72	
1967	7	8	28.48	
1967	7	9	28.00	
1967	7	10	29.13	
1967	7	11	28.41	
1967	7	12	28.71	
1967	7	13	29.16	
1967	7	14	28.80	30.79
1967	7	15	28.08	
1967	7	16	28.72	
1967	7	17	28.71	
1967	7	18	28.50	
1967	7	19	28.51	
1967	7	20	29.09	
1967	7	21	28.72	29.91
1967	7	22	29.93	
1967	7	23	29.67	
1967	7	24	29.12	
1967	7	25	29.25	
1967	7	26	28.75	
1967	7	27	28.66	
1967	7	28	28.62	28.80
1967	7	29	29.00	
1967	7	30	28.56	
1967	7	31	28.68	
1967	8	1	27.63	
1967	8	2	27.89	
1967	8	3	28.46	28.78
1967	8	4	29.28	
1967	8	5	29.18	
1967	8	6	29.30	
1967	8	7	28.57	
1967	8	8		
1967	8	9	29.31	
1967	8	10	29.67	29.68
1967	8	11	30.27	
1967	8	12	30.64	
1967	8	13	30.42	
1967	8	14	30.32	
1967	8	15	29.35	
1967	8	16	29.08	
1967	8	17	29.08	29.86
1967	8	18	28.51	
1967	8	19	28.79	
1967	8	20	29.10	
1967	8	21	28.65	
1967	8	22		
1967	8	23	23.00	
1967	8	24	30.41	30.33
1967	8	25	30.41	
1967	8	26	28.35	
1967	8	27	27.51	31.40
1967	8	28	26.73	
1967	8	29	26.33	
1967	8	30	27.56	31.80
1967	9	1	30.20	
1967	9	2	30.20	
1967	9	3	30.20	
1967	9	4	29.13	
1967	9	5	28.85	31.62
1967	9	6	29.65	
1967	9	7	28.56	
1967	9	8	28.60	31.53
1967	9	9	28.94	
1967	9	10	28.75	
1967	9	11	30.33	
1967	9	12	30.13	30.68
1967	9	13	30.28	
1967	9	14	30.34	
1967	9	15	30.54	30.55
1967	9	16	30.62	
1967	9	17	30.54	
1967	9	18	29.41	
1967	9	19	28.75	31.16
1967	9	20	28.93	
1967	9	21	28.69	
1967	9	22	30.09	31.52
1967	9	23	30.06	
1967	9	24	30.41	
1967	9	25	30.38	
1967	9	26	30.50	932.09
1967	9	27	31.05	
1967	9	28	31.16	
1967	9	29	31.33	31.60
1967	9	30	30.50	
1967	10	1	30.48	
1967	10	2	31.02	
1967	10	3	30.70	32.27
1967	10	4	30.34	
1967	10	5	30.38	
1967	10	6	30.37	32.28
1967	10	7	31.33	
1967	10	8	31.33	
1967	10	9	31.23	
1967	10	10	29.98	31.73
1967	10	11	31.11	
1967	10	12	30.53	
1967	10	13	30.50	31.88
1967	10	14	30.45	
1967	10	15	29.94	
1967	10	16	30.16	
1967	10	17	29.41	31.67
1967	10	18	29.50	
1967	10	19	30.68	
1967	10	20	31.21	32.10
1967	10	21	31.39	
1967	10	22	31.52	
1967	10	23	31.69	
1967	10	24	30.45	32.23
1967	10	25	31.62	
1967	10	26	31.16	
1967	10	27	30.71	32.28
1967	10	28	31.23	
1967	10	29	31.26	
1967	10	30	30.78	
1967	11	1	31.38	32.20
1967	11	2	31.14	
1967	11	3	31.39	
1967	11	4	30.05	31.61
1967	11	5	31.02	
1967	11	6	29.37	
1967	11	7	29.66	32.15
1967	11	8	30.72	
1967	11	9	28.98	
1967	11	10	29.63	32.19
1967	11	11	30.38	
1967	11	12	28.99	
1967	11	13	31.26	
1967	11	14	30.90	32.20
1967	11	15	30.90	
1967	11	16	31.68	
1967	11	17	30.16	32.08
1967	11	18	30.28	
1967	11	19	31.05	
1967	11	20	31.29	32.43
1967	11	21	31.94	
1967	11	22	32.22	
1967	11	23	31.97	
1967	11	24	29.97	32.26
1967	11	25	30.36	
1967	11	26	30.21	
1967	11	27	29.07	
1967	11	28	30.70	32.61
1967	11	29	30.28	
1967	11	30	31.32	32.88
1967	12	1	32.07	
1967	12	2	31.91	
1967	12	3	30.74	
1967	12	4	32.15	32.01
1967	12	5	32.24	
1967	12	6	32.24	
1967	12	7	31.64	32.06
1967	12	8	27.70	
1967	12	9	30.24	
1967	12	10	31.81	
1967	12	11	31.94	
1967	12	12	31.41	31.66
1967	12	13	28.96	
1967	12	14	26.67	
1967	12	15	27.50	
1967	12	16	27.95	
1967	12	17	26.79	
1967	12	18	27.08	
1967	12	19	30.16	32.32
1967	12	20	30.20	
1967	12	21	27.79	32.41
1967	12	22	27.75	
1967	12	23	30.59	
1967	12	24	29.73	
1967	12	25	28.66	
1967	12	26	30.84	32.30
1967	12	27	30.30	
1967	12	28	31.36	
1967	12	29	31.39	
1967	12	30	30.82	
1967	12	31	30.86	
1968	1	1	30.68	
1968	1	2	31.20	31.22
1968	1	3	30.10	
1968	1	4	29.17	
1968	1	5	30.13	
1968	1	6	29.63	32.60
1968	1	7	31.84	
1968	1	8	31.25	
1968	1	9	31.25	
1968	1	10	31.13	
1968	1	11	31.45	
1968	1	12	31.80	31.80
1968	1	13	31.83	
1968	1	14	31.81	
1968	1	15	31.91	
1968	1	16	31.76	
1968	1	17	31.54	31.97
1968	1	18	31.47	
1968	1	19	29.83	
1968	1	20	30.21	30.49
1968	1	21	29.78	
1968	1	22	29.37	
1968	1	23	29.41	
1968	1	24	30.82	30.84
1968	1	25	31.28	
1968	1	26	31.28	32.40
1968	1	27	28.81	
1968	1	28	28.31	
1968	1	29	28.49	
1968	1	30	30.98	32.09
1968	1	31	31.44	
1968	2	1	31.78	
1968	2	2	31.90	31.88
1968	2	3	50.36	
1968	2	4	30.36	
1968	2	5	30.36	
1968	2	6	29.10	31.01
1968	2	7	31.62	
1968	2	8	31.52	
1968	2	9	31.57	31.62
1968	2	10		
1968	2	11		
1968	2	12		
1968	2	13	30.87	
1968	2	14	31.46	
1968	2	15	30.79	
1968	2	16	31.31	
1968	2	17	30.67	
1968	2	18	30.95	
1968	2	19	30.93	
1968	2	20	30.11	
1968	2	21	31.96	
1968	2	22	31.15	
1968	2	23	31.77	
1968	2	24	31.68	
1968	2	25	31.89	
1968	2	26	32.11	
1968	2	27	31.74	
1968	2	28	31.75	
1968	2	29	31.20	
1968	3	1	30.83	
1968	3	2	30.82	
1968	3	3	31.83	
1968	3	4	31.95	
1968	3	5	31.75	
1968	3	6	32.18	
1968	3	7	32.12	
1968	3	8	31.48	
1968	3	9	31.27	
1968	3	10	31.24	
1968	3	11	31.24	
1968	3	12	32.07	
1968	3	13	32.02	
1968	3	14	32.14	
1968	3	15	30.80	
1968	3	16	29.46	
1968	3	17	30.04	
1968	3	18	31.96	31.94
1968	3	19	31.82	
1968	3	20	29.11	
1968	3	21	28.49	
1968	3	22	28.32	31.79
1968	3	23	25.58	
1968	3	24	31.46	
1968	3	25	29.99	32.05
1968	3	26	20.97	
1968	3	27	26.51	
1968	3	28	27.61	
1968	3	29	27.33	32.14
1968	3	30	27.67	
1968	3	31	28.16	
1968	4	1	28.94	
1968	4	2	29.34	
1968	4	3		
1968	4	4	25.71	
1968	4	5	26.88	32.05
1968	4	6	31.53	
1968	4	7	24.73	
1968	4	8	27.04	
1968	4	9	28.68	32.75
1968	4	10	29.18	
1968	4	11	28.93	
1968	4	12	29.04	
1968	4	13	28.72	32.83
1968	4	14		
1968	4	15	29.80	
1968	4	16	31.11	32.38
1968	4	17	30.75	
1968	4	18	31.05	
1968	4	19	30.69	32.02
1968	4	20	31.06	
1968	4	21	31.20	
1968	4	22	30.76	
1968	4	23	30.96	30.90
1968	4	24	31.07	
1968	4	25	30.76	
1968	4	26	29.23	
1968	4	27	29.43	32.00
1968	4	28	29.38	
1968	4	29	27.88	
1968	4	30	27.20	32.28
1968	5	1	29.62	
1968	5	2	27.88	
1968	5	3	22.86	32.48
1968	5	4	24.05	
1968	5	5	26.63	
1968	5	6	30.34	
1968	5	7	29.06	32.08
1968	5	8	26.66	
1968	5	9	26.05	
1968	5	10	27.01	32.04
1968	5	11	29.06	
1968	5	12	29.71	
1968	5	13	29.71	
1968	5	14	30.88	31.72
1968	5	15	30.53	
1968	5	16	29.02	
1968	5	17	28.29	31.77
1968	5	18	29.21	
1968	5	19	30.50	
1968	5	20	30.14	
1968	5	21	28.68	31.76
1968	5	22	27.71	
1968	5	23	25.66	
1968	5	24	29.87	31.89
1968	5	25	29.55	
1968	5	26	30.38	
1968	5	27	30.70	
1968	5	28	30.67	30.58
1968	5	29	30.85	
1968	5	30	30.75	
1968	6	1	29.54	
1968	6	2	22.68	
1968	6	3	21.74	
1968	6	4	25.30	31.13
1968	6	5	24.13	
1968	6	6	23.38	
1968	6	7	23.59	31.04
1968	6	8	26.50	
1968	6	9	26.85	
1968	6	10	29.13	
1968	6	11	28.97	30.98
1968	6	12	29.23	
1968	6	13	27.76	
1968	6	14	28.32	31.27
1968	6	15	27.81	
1968	6	16	26.48	
1968	6	17	26.11	
1968	6	18	24.04	31.23
1968	6	19	24.13	
1968	6	20	26.77	
1968	6	21	27.73	31.67
1968	6	22	27.55	
1968	6	23	28.71	
1968	6	24	26.35	
1968	6	25	27.55	31.79
1968	6	26	28.14	
1968	6	27	29.89	
1968	6	28	29.31	30.62
1968	6	29	28.56	
1968	6	30	27.58	
1968	7	1	21.75	
1968	7	2	24.37	31.41
1968	7	3	25.21	
1968	7	4	24.34	
1968	7	5	24.66	31.51
1968	7	6	24.82	
1968	7	7	26.52	
1968	7	8	25.67	
1968	7	9	25.98	31.90
1968	7	10	28.79	
1968	7	11	28.80	
1968	7	12	28.22	31.83
1968	7	13	28.61	
1968	7	14	28.43	
1968	7	15	27.77	
1968	7	16	28.30	31.67
1968	7	17	25.99	
1968	7	18	25.18	
1968	7	19	25.58	31.33
1968	7	20	28.34	
1968	7	21	27.97	
1968	7	22	26.83	
1968	7	23	27.46	31.36
1968	7	24	27.77	
1968	7	25	28.50	
1968	7	26	28.50	31.66
1968	7	27	28.29	
1968	7	28	28.82	
1968	7	29	29.51	
1968	7	30	29.27	
1968	7	31	29.28	
1968	8	1	29.36	
1968	8	2	29.25	
1968	8	3	29.15	
1968	8	4	29.55	
1968	8	5	29.82	
1968	8	6	30.18	31.39
1968	8	7	30.66	
1968	8	8	30.63	
1968	8	9	30.26	31.54
1968	8	10	30.23	
1968	8	11	30.74	
1968	8	12	29.61	
1968	8	13	29.53	31.51
1968	8	14	29.94	
1968	8	15	29.77	
1968	8	16	29.41	31.59
1968	8	17	28.75	
1968	8	18	29.30	
1968	8	19	29.56	
1968	8	20	29.36	30.75
1968	8	21	29.35	
1968	8	22	29.00	
1968	8	23	29.00	30.63
1968	8	24	29.30	
1968	8	25	29.30	
1968	8	26	29.89	
1968	8	27	29.45	32.02
1968	8	28	30.03	
1968	8	29	30.02	
1968	8	30	30.53	
1968	8	31	30.63	31.68
1968	9	1	29.87	
1968	9	2	30.52	
1968	9	3	30.67	31.65
1968	9	4	30.53	
1968	9	5	30.73	
1968	9	6	30.97	31.46
1968	9	7	30.88	
1968	9	8	30.89	
1968	9	9	31.04	
1968	9	10	30.82	31.28
1968	9	11	31.00	
1968	9	12	30.30	
1968	9	13	30.81	31.95
1968	9	14	30.64	
1968	9	15	30.63	
1968	9	16	30.82	
1968	9	17	30.68	31.31
1968	9	18	30.73	
1968	9	19	30.88	
1968	9	20	30.89	31.26
1968	9	21	29.81	
1968	9	22	29.75	
1968	9	23	29.28	
1968	9	24	29.22	31.96
1968	9	25	29.55	
1968	9	26	29.50	
1968	9	27	30.60	31.83
1968	9	28	29.49	
1968	9	29	30.36	
1968	9	30	29.93	
1968	10	1	29.96	
1968	10	2	30.06	
1968	10	3	31.17	
1968	10	4	30.90	
1968	10	5	30.95	
1968	10	6	31.56	
1968	10	7	31.18	
1968	10	8	31.57	
1968	10	9	31.60	
1968	10	10	31.65	
1968	10	11	31.52	
1968	10	12	31.54	
1968	10	13	31.13	
1968	10	14	30.91	
1968	10	15	31.50	
1968	10	16	29.93	
1968	10	17	30.99	
1968	10	18	31.59	
1968	10	19	30.89	
1968	10	20	30.89	
1968	10	21	31.26	
1968	10	22	30.42	
1968	10	23	31.33	
1968	10	24	31.31	
1968	10	25	31.57	
1968	10	26	31.50	
1968	10	27	30.82	
1968	10	28	31.83	
1968	10	29	31.62	
1968	10	30	31.70	
1968	10	31	31.59	
1968	11	1	31.58	
1968	11	2	30.86	
1968	11	3	31.42	
1968	11	4	32.06	
1968	11	5	32.17	
1968	11	6	32.28	
1968	11	7	32.22	
1968	11	8	32.13	
1968	11	9	31.93	
1968	11	10	31.05	
1968	11	11	32.18	
1968	11	12	30.90	
1968	11	13	30.84	
1968	11	14	30.18	
1968	11	15	30.80	
1968	11	16	30.28	
1968	11	17	31.71	
1968	11	18	31.06	
1968	11	19	31.72	
1968	11	20	31.54	
1968	11	21	30.93	
1968	11	22		
1968	11	23	30.76	
1968	11	24	30.34	
1968	11	25	31.84	
1968	11	26	31.63	
1968	11	27	30.58	
1968	11	28	30.82	
1968	11	29	31.26	
1968	11	30	31.55	
1968	12	1	32.03	
1968	12	2	29.49	
1968	12	3	28.40	32.56
1968	12	4	31.87	
1968	12	5	30.24	
1968	12	6	32.49	32.56
1968	12	7	30.18	
1968	12	8	30.96	
1968	12	9	31.84	
1968	12	10	32.30	
1968	12	11	32.61	
1968	12	12	33.84	
1968	12	13	30.12	32.43
1968	12	14	31.88	
1968	12	15	32.33	
1968	12	16	31.60	
1968	12	17	31.74	
1968	12	18	30.88	
1968	12	19	30.63	
1968	12	20	31.56	33.54
1968	12	21	32.80	
1968	12	22		
1968	12	23	31.85	
1968	12	24	31.85	33.41
1968	12	25	31.82	
1968	12	26	31.81	
1968	12	27	32.32	
1968	12	28	32.14	
1968	12	29		
1968	12	30	32.05	
1968	12	31	30.75	33.58
1969	1	1	32.17	
1969	1	2	32.35	
1969	1	3	32.24	
1969	1	4	32.50	32.78
1969	1	5	32.80	
1969	1	6		
1969	1	7	32.29	32.28
1969	1	8		
1969	1	9	32.87	
1969	1	10	31.95	
1969	1	11	32.43	
1969	1	12	32.57	
1969	1	13	32.59	
1969	1	14	32.58	
1969	1	15	31.56	32.98
1969	1	16	32.28	
1969	1	17	32.58	
1969	1	18	32.74	
1969	1	19		
1969	1	20	32.78	
1969	1	21	32.94	
1969	1	22	32.98	
1969	1	23	32.64	
1969	1	24	31.84	
1969	1	25	30.97	
1969	1	26	32.47	
1969	1	27	32.78	
1969	1	28	32.38	
1969	1	29	32.80	
1969	1	30	32.60	32.92
1969	2	1	32.64	
1969	2	2	32.57	
1969	2	3	32.59	
1969	2	4		
1969	2	5		
1969	2	6	31.61	
1969	2	7	32.16	32.73
1969	2	8		
1969	2	9		
1969	2	10		
1969	2	11	32.60	33.03
1969	2	12	28.49	
1969	2	13	32.27	
1969	2	14		
1969	2	15	32.30	
1969	2	16	32.09	
1969	2	17	32.73	32.70
1969	2	18		
1969	2	19	32.70	
1969	2	20		
1969	2	21	32.60	32.50
1969	2	22	32.66	
1969	2	23	32.60	
1969	2	24	32.66	
1969	2	25	32.60	32.56
1969	2	26	32.76	
1969	2	27	32.76	
1969	2	28	32.80	32.70
1969	3	1	32.77	
1969	3	2	32.77	
1969	3	3		
1969	3	4	32.71	
1969	3	5	32.67	
1969	3	6	30.67	
1969	3	7		
1969	3	8	30.31	
1969	3	9	29.97	
1969	3	10	31.75	
1969	3	11	31.70	32.75
1969	3	12	32.22	
1969	3	13	31.07	
1969	3	14	30.82	
1969	3	15	31.72	
1969	3	16	31.41	
1969	3	17	31.02	
1969	3	18	30.24	
1969	3	19	32.43	
1969	3	20		
1969	3	21		
1969	3	22	31.14	
1969	3	23	32.93	
1969	3	24	29.17	
1969	3	25	32.28	32.77
1969	3	26	25.29	
1969	3	27	26.54	
1969	3	28	25.57	32.69
1969	3	29	31.83	
1969	3	30	30.72	
1969	3	31	30.72	
1969	4	1	29.93	
1969	4	2		
1969	4	3	30.49	
1969	4	4	30.12	32.90
1969	4	5	28.87	
1969	4	6	30.93	
1969	4	7	30.40	
1969	4	8	30.90	33.07
1969	4	9	25.27	
1969	4	10	24.72	
1969	4	11	29.23	32.86
1969	4	12	30.55	
1969	4	13	30.15	
1969	4	14	28.02	
1969	4	15	26.81	32.93
1969	4	16	24.67	
1969	4	17	27.85	
1969	4	18	27.91	32.83
1969	4	19		
1969	4	20		
1969	4	21	29.90	
1969	4	22	25.91	32.66
1969	4	23	22.74	
1969	4	24	24.01	
1969	4	25	22.95	32.66
1969	4	26	18.01	
1969	4	27	17.32	
1969	4	28	19.17	
1969	4	29	28.23	32.33
1969	4	30	29.37	
1969	5	1	29.69	
1969	5	2	30.30	32.61
1969	5	3	29.93	
1969	5	4	29.53	
1969	5	5	28.43	
1969	5	6	30.24	32.42
1969	5	7	28.69	
1969	5	8	27.03	
1969	5	9		
1969	5	10	29.29	32.61
1969	5	11		
1969	5	12	30.08	
1969	5	13	29.69	
1969	5	14	29.08	
1969	5	15	30.18	32.61
1969	5	16	30.05	
1969	5	17	29.59	
1969	5	18	30.02	
1969	5	19	29.62	
1969	5	20	30.60	
1969	5	21	30.83	
1969	5	22	31.39	
1969	5	23	31.72	32.31
1969	5	24	30.53	
1969	5	25	30.15	
1969	5	26	32.14	
1969	5	27	32.21	32.10
1969	5	28	30.06	
1969	5	29	31.28	
1969	5	30	29.51	31.90
1969	5	31	30.05	
1969	6	1	31.68	
1969	6	2	31.83	
1969	6	3	30.87	
1969	6	4	30.33	32.01
1969	6	5	29.35	
1969	6	6	28.71	32.10
1969	6	7	29.19	
1969	6	8	29.19	
1969	6	9	30.19	
1969	6	10	28.79	31.83
1969	6	11	28.37	
1969	6	12	28.56	
1969	6	13	28.51	31.73
1969	6	14	29.55	
1969	6	15	29.16	
1969	6	16	30.93	
1969	6	17	31.14	32.23
1969	6	18	29.66	
1969	6	19	28.44	
1969	6	20	28.20	31.96
1969	6	21	30.26	
1969	6	22	31.33	
1969	6	23	29.39	
1969	6	24	31.21	31.47
1969	6	25	31.28	
1969	6	26	30.90	
1969	6	27	29.54	31.16
1969	6	28	29.36	
1969	6	29	28.93	
1969	6	30	28.62	
1969	7	1	29.02	31.12
1969	7	2	29.37	
1969	7	3	29.43	
1969	7	4	29.26	35.65
1969	7	5	29.44	
1969	7	6	28.97	
1969	7	7	28.31	
1969	7	8	28.89	31.64
1969	7	9	28.86	
1969	7	10	28.98	
1969	7	11	28.58	31.56
1969	7	12	27.75	
1969	7	13	28.73	
1969	7	14	29.02	
1969	7	15	28.92	31.71
1969	7	16	27.00	
1969	7	17	28.61	
1969	7	18	28.00	31.77
1969	7	19	27.96	
1969	7	20	31.07	
1969	7	21	30.58	
1969	7	22	31.12	31.62
1969	7	23	29.98	
1969	7	24	31.23	
1969	7	25	31.08	31.26
1969	7	26	31.11	
1969	7	27	28.32	
1969	7	28	29.78	
1969	7	29	30.06	31.43
1969	7	30	28.48	
1969	8	1	28.23	31.84
1969	8	2	28.91	
1969	8	3	28.36	
1969	8	4	27.16	
1969	8	5	27.63	31.95
1969	8	6	28.90	
1969	8	7	28.12	
1969	8	8	26.54	31.66
1969	8	9	28.25	
1969	8	10	27.13	
1969	8	11	28.86	
1969	8	12	28.18	28.53
1969	8	13	28.38	
1969	8	14		
1969	8	15	27.82	29.34
1969	8	16	28.68	
1969	8	17	29.60	
1969	8	18	29.10	
1969	8	19	29.27	29.42
1969	8	20	29.95	
1969	8	21	29.78	
1969	8	22	29.62	29.33
1969	8	23	28.87	
1969	8	24	29.05	
1969	8	25	29.05	
1969	8	26	28.87	29.24
1969	8	27		
1969	8	28	30.56	
1969	8	29	30.20	
1969	9	1	29.76	
1969	9	2	28.98	31.98
1969	9	3	31.35	
1969	9	4	31.01	
1969	9	5	31.21	31.96
1969	9	6	31.18	
1969	9	7	30.92	
1969	9	8	30.62	
1969	9	9	30.91	
1969	9	10	31.18	
1969	9	11		
1969	9	12	30.10	
1969	9	13	29.39	
1969	9	14	30.35	
1969	9	15	30.32	29.67
1969	9	16		
1969	9	17	31.03	
1969	9	18	31.52	
1969	9	19	31.35	
1969	9	20		
1969	9	21	31.30	
1969	9	22	31.27	
1969	9	23	31.29	
1969	9	24	31.27	
1969	9	25	30.09	
1969	9	26	31.30	31.69
1969	9	27	30.76	
1969	9	28	31.30	
1969	9	29	30.88	
1969	9	30	29.82	31.45
1969	10	1	29.62	
1969	10	2	30.70	
1969	10	3	30.69	
1969	10	4	30.75	
1969	10	5	31.30	
1969	10	6	31.18	
1969	10	7	29.46	31.74
1969	10	8	30.04	
1969	10	9	30.35	
1969	10	10	30.26	31.86
1969	10	11	31.23	
1969	10	12	31.28	
1969	10	13	30.87	
1969	10	14	30.22	32.06
1969	10	15	31.14	
1969	10	16	31.38	
1969	10	17	30.60	31.86
1969	10	18	30.73	
1969	10	19	30.87	
1969	10	20	30.47	
1969	10	21	30.86	32.70
1969	10	22	31.55	
1969	10	23	31.90	
1969	10	24	32.16	32.49
1969	10	25	31.49	
1969	10	26	31.47	
1969	10	27		
1969	10	28	32.29	32.26
1969	10	29	32.37	
1969	10	30	32.49	
1969	10	31	32.37	32.58
1969	11	1	32.49	
1969	11	2		
1969	11	3	32.50	
1969	11	4	31.39	
1969	11	5		
1969	11	6		
1969	11	7	31.83	32.36
1969	11	8	32.26	
1969	11	9	32.27	
1969	11	10	32.40	
1969	11	11	32.24	
1969	11	12	32.40	
1969	11	13	32.08	
1969	11	14		
1969	11	15		
1969	11	16		
1969	11	17	31.09	
1969	11	18	30.85	32.68
1969	11	19	30.76	
1969	11	20		
1969	11	21		
1969	11	22	30.73	
1969	11	23	29.63	
1969	11	24	31.45	
1969	11	25	31.24	32.25
1969	11	26	30.17	
1969	11	27	30.79	
1969	11	28	31.77	32.93
1969	11	29	31.80	
1969	11	30	31.90	
1969	12	1	31.31	
1969	12	2	29.94	32.84
1969	12	3	31.33	
1969	12	4	31.47	
1969	12	5		
1969	12	6	31.78	
1969	12	7	32.71	
1969	12	8		
1969	12	9	32.58	32.59
1969	12	10		
1969	12	11		
1969	12	12	30.82	
1969	12	13	30.84	
1969	12	14	29.11	
1969	12	15	31.45	
1969	12	16	32.03	
1969	12	17	32.04	
1969	12	18	28.63	
1969	12	19	31.50	
1969	12	20	30.56	
1969	12	21	30.66	
1969	12	22	30.56	
1969	12	23	32.13	
1969	12	24	32.26	
1969	12	25	32.32	
1969	12	26	32.08	
1969	12	27		
1969	12	28	31.84	
1969	12	29	30.67	
1969	12	30	25.37	
1969	12	31	32.10	
1970	1	1	30.74	
1970	1	2	31.70	
1970	1	3		
1970	1	4	30.27	
1970	1	5	29.18	
1970	1	6	29.36	
1970	1	7	31.24	
1970	1	8	31.26	
1970	1	9	31.05	
1970	1	10	31.14	
1970	1	11	31.45	
1970	1	12	31.02	
1970	1	13	31.56	
1970	1	14	31.28	
1970	1	15	31.45	
1970	1	16	32.12	
1970	1	17	29.96	
1970	1	18	30.44	
1970	1	19	32.10	
1970	1	20	32.47	
1970	1	21	32.72	
1970	1	22	31.32	
1970	1	23	31.50	
1970	1	24	31.02	
1970	1	25	30.44	
1970	1	26	31.66	
1970	1	27	31.02	
1970	1	28	30.33	
1970	1	29	31.94	
1970	1	30	32.54	
1970	2	1	30.59	
1970	2	2	30.14	
1970	2	3	31.78	
1970	2	4	32.27	
1970	2	5	31.86	
1970	2	6	34.02	
1970	2	7	34.02	
1970	2	8	31.49	
1970	2	9	34.58	
1970	2	10	34.58	
1970	2	11	34.54	
1970	2	12		
1970	2	13	23.85	
1970	2	14	24.75	
1970	2	15	30.86	
1970	2	16	27.06	
1970	2	17	31.56	
1970	2	18	31.66	
1970	2	19	26.42	
1970	2	20	31.59	
1970	2	21	32.90	
1970	2	22	32.89	
1970	2	23	33.75	
1970	2	24	29.96	
1970	2	25	30.13	
1970	2	26	31.94	
1970	2	27	30.14	
1970	2	28	30.16	
1970	3	1	29.75	
1970	3	2	29.60	
1970	3	3	29.71	
1970	3	4	29.51	
1970	3	5	30.96	
1970	3	6	31.98	
1970	3	7	32.07	
1970	3	8	31.72	
1970	3	9	31.77	
1970	3	10	31.30	
1970	3	11	29.97	
1970	3	12	29.82	
1970	3	13	31-07	
1970	3	14	30.38	
1970	3	15	28.53	
1970	3	16	29.68	
1970	3	17	28.53	
1970	3	18	28.74	
1970	3	19	30.86	
1970	3	20	30.60	
1970	3	21		
1970	3	22	30.33	
1970	3	23	31.69	
1970	3	24	30.28	
1970	3	25	30.62	
1970	3	26	30.58	
1970	3	27		
1970	3	28		
1970	3	29	31.24	
1970	3	30	31.26	
1970	3	31	29.54	
1970	4	1		
1970	4	2	29.93	
1970	4	3	30.86	
1970	4	4	29.95	
1970	4	5	30.00	
1970	4	6	29.07	
1970	4	7	28.17	
1970	4	8	29.71	
1970	4	9	28.04	
1970	4	10	26.11	
1970	4	11	29.97	
1970	4	12	23.04	
1970	4	13	19.50	
1970	4	14	29.53	
1970	4	15	29.10	
1970	4	16	29.04	
1970	4	17	22.09	
1970	4	18	25.07	
1970	4	19	30.52	
1970	4	20	31.25	
1970	4	21	31.27	
1970	4	22	31.15	
1970	4	23	31.35	
1970	4	24	30.90	
1970	4	25	30.75	
1970	4	26	29.09	
1970	4	27	26.07	
1970	4	28	26.57	
1970	4	29	24.23	
1970	4	30	24.71	
1970	5	1	28.71	
1970	5	2	23.77	
1970	5	3	28.32	
1970	5	4	28.31	
1970	5	5	28.44	
1970	5	6	29.38	
1970	5	7	29.74	
1970	5	8	27.30	
1970	5	9	27.10	
1970	5	10	27.47	
1970	5	11	23.41	
1970	5	12	23.39	
1970	5	13	24.66	
1970	5	14	27.07	
1970	5	15	28.54	
1970	5	16	28.13	
1970	5	17	30.84	
1970	5	18	30.91	
1970	5	19	30.85	
1970	5	20	31.27	
1970	5	21	30.61	
1970	5	22	29.74	
1970	5	23	30.35	
1970	5	24	30.66	
1970	5	25	33.85	
1970	5	26	30.76	
1970	5	27	30.16	
1970	5	28	30.56	
1970	5	29	30.28	
1970	5	30	27.95	
1970	5	31	27.64	
1970	6	1	28.40	
1970	6	2	29.05	
1970	6	3	28.97	
1970	6	4	28.39	
1970	6	5	27.83	
1970	6	6	28.36	
1970	6	7	29.63	
1970	6	8	29.65	
1970	6	9		
1970	6	10		
1970	6	11	26.42	
1970	6	12	28.31	
1970	6	13	29.67	
1970	6	14	30.17	
1970	6	15	27.95	
1970	6	16	27.77	
1970	6	17	27.66	
1970	6	18	28.42	
1970	6	19	28.86	
1970	6	20	29.08	
1970	6	21	28.29	
1970	6	22	29.11	
1970	6	23	29.70	
1970	6	24	29.34	
1970	6	25	28.92	
1970	6	26	28.80	
1970	6	27	29.84	
1970	6	28	28.61	
1970	6	29	29.72	
1970	6	30	27.90	
1970	7	1	29.07	
1970	7	2	28.64	
1970	7	3	27.77	
1970	7	4		
1970	7	5	28.73	
1970	7	6	29.31	
1970	7	7		
1970	7	8		
1970	7	9	28.59	
1970	7	10	28.97	
1970	7	11	29.16	
1970	7	12	29.53	
1970	7	13	29.74	
1970	7	14	29.77	
1970	7	15	29.55	
1970	7	16	29.30	
1970	7	17	29.34	
1970	7	18	29.19	
1970	7	19	29.41	
1970	7	20	29.98	
1970	7	21	30.23	
1970	7	22	29.84	
1970	7	23	29.46	
1970	7	24	29.69	
1970	7	25	29.62	
1970	7	26	29.36	
1970	7	27	30.05	
1970	7	28		
1970	7	29	29.69	
1970	7	30	29.71	
1970	7	31	29.71	
1970	8	1	29.71	
1970	8	2		
1970	8	3	29.79	
1970	8	4	30.12	
1970	8	5	30.83	
1970	8	6	30.82	
1970	8	7	31.36	
1970	8	8	30.90	
1970	8	9	29.58	
1970	8	10	30.64	
1970	8	11	30.86	
1970	8	12	30.77	
1970	8	13		
1970	8	14	30.20	
1970	8	15	30.80	
1970	8	16	30.24	
1970	8	17	29.83	
1970	8	18	30.21	
1970	8	19	29.88	
1970	8	20	29.72	
1970	8	21	29.62	
1970	8	22	30.36	
1970	8	23	29.41	
1970	8	24	30.66	
1970	8	25	29.94	
1970	8	26	28.69	
1970	8	27	29.78	
1970	8	28	30.54	
1970	8	29	29.87	
1970	8	30	30.44	
1970	8	31	29.64	
1970	9	1		
1970	9	2	29.70	
1970	9	3	29.36	
1970	9	4	29.92	
1970	9	5	30.18	
1970	9	6	30.49	
1970	9	7	30.37	
1970	9	8	30.03	
1970	9	9	30.29	
1970	9	10	30.40	
1970	9	11	30.80	
1970	9	12	31.02	
1970	9	13	30.98	
1970	9	14	31.44	
1970	9	15	31.40	
1970	9	16	31.51	
1970	9	17	31.58	
1970	9	18	31.00	
1970	9	19	30.98	
1970	9	20	31.44	
1970	9	21	30.09	
1970	9	22	30.10	
1970	9	23		
1970	9	24	29.71	
1970	9	25	30.17	
1970	9	26	29.42	
1970	9	27	29.71	
1970	9	28	30.47	
1970	9	29	30.72	
1970	9	30	30.19	
1970	10	1		
1970	10	2		
1970	10	3	30.51	
1970	10	4	31.10	
1970	10	5	31.33	
1970	10	6	31.46	
1970	10	7	30.34	
1970	10	8	29.51	
1970	10	9	30.34	
1970	10	10	31.07	
1970	10	11	31.54	
1970	10	12	30.91	
1970	10	13	31.18	
1970	10	14	30.36	
1970	10	15	30.35	
1970	10	16	30.96	
1970	10	17	31.35	
1970	10	18	31.10	
1970	10	19	30.87	
1970	10	20	31.20	
1970	10	21	31.44	
1970	10	22	31.40	
1970	10	23	31.41	
1970	10	24	31.50	
1970	10	25	31.42	
1970	10	26	31.52	
1970	10	27	31.39	
1970	10	28	31.68	
1970	10	29	31.79	
1970	10	30	30.82	
1970	10	31	31.79	
1970	11	1	31.96	
1970	11	2		
1970	11	3	32.13	
1970	11	4	31.86	
1970	11	5	31.91	
1970	11	6	32.01	
1970	11	7	29.64	
1970	11	8	30.55	
1970	11	9	31.20	
1970	11	10	32.16	
1970	11	11	31.53	
1970	11	12	32.07	
1970	11	13	32.01	
1970	11	14	31.96	
1970	11	15	31.81	
1970	11	16	31.80	
1970	11	17	31.40	
1970	11	18	30.95	
1970	11	19	29.88	
1970	11	20	31.82	
1970	11	21	28.65	
1970	11	22	28.64	
1970	11	23	32.13	
1970	11	24	31.16	
1970	11	25	31.28	
1970	11	26	30.42	
1970	11	27	30.48	
1970	11	28	30.05	
1970	11	29	31.00	
1970	11	30	30.88	
1970	12	1	31.67	
1970	12	2	30.91	
1970	12	3	30.06	
1970	12	4	29.81	
1970	12	5		
1970	12	6		
1970	12	7	32.31	
1970	12	8	32.55	
1970	12	9	30.95	
1970	12	10	30.77	
1970	12	11	31.91	
1970	12	12	32.61	
1970	12	13	32.41	
1970	12	14	31.86	
1970	12	15	31.38	
1970	12	16		
1970	12	17		
1970	12	18	32.17	
1970	12	19	29.64	
1970	12	20	29.55	
1970	12	21	28.20	
1970	12	22		
1970	12	23	31.57	
1970	12	24		
1970	12	25	31.74	
1970	12	26	31.74	
1970	12	27	30.68	
1970	12	28	30.52	
1970	12	29	31.16	
1970	12	30	31.68	
1970	12	31	31.58	
1971	1	1	30.86	
1971	1	2	32.69	
1971	1	3	32.64	
1971	1	4	30.95	
1971	1	5	28.39	
1971	1	6	30.58	
1971	1	7	30.91	
1971	1	8	31.10	
1971	1	9	35.73	
1971	1	10		
1971	1	11	32.42	
1971	1	12	31.65	
1971	1	13	32.16	
1971	1	14	32.51	
1971	1	15	32.44	
1971	1	16		
1971	1	17	32.58	
1971	1	18	32.69	
1971	1	19	31.65	
1971	1	20	32.41	
1971	1	21	31.32	
1971	1	22	30.46	
1971	1	23	34.48	
1971	1	24	34.60	
1971	1	25	32.22	
1971	1	26	31.16	
1971	1	27	32.46	
1971	1	28	32.72	
1971	1	29	32.88	
1971	1	30	32.80	
1971	1	31	32.80	
1971	2	1	32.35	
1971	2	2		
1971	2	3		
1971	2	4	32.13	
1971	2	5	32.68	
1971	2	6	32.75	
1971	2	7		
1971	2	8	32.53	
1971	2	9		
1971	2	10	31.15	
1971	2	11	31.04	
1971	2	12		
1971	2	13	30.50	
1971	2	14	30.96	
1971	2	15	32.56	
1971	2	16	30.32	
1971	2	17	32.23	
1971	2	18		
1971	2	19		
1971	2	20		
1971	2	21		
1971	2	22		
1971	2	23	34.59	
1971	2	24	32.04	
1971	2	25	31.94	
1971	2	26	31.03	
1971	2	27	31.35	
1971	2	28	30.33	
1971	3	1	27.93	
1971	3	2	30.08	
1971	3	3	28.35	
1971	3	4		
1971	3	5	31.77	
1971	3	6	29.51	
1971	3	7	31.13	
1971	3	8		
1971	3	9	30.50	
1971	3	10	29.90	
1971	3	11		
1971	3	12	29.55	
1971	3	13		
1971	3	14	31.42	
1971	3	15		
1971	3	16	30.20	
1971	3	17		
1971	3	18	27.90	
1971	3	19	27.90	
1971	3	20	27.92	
1971	3	21	28.14	
1971	3	22	28.15	
1971	3	23	28.15	
1971	3	24	30.18	
1971	3	25	29.72	
1971	3	26	30.13	
1971	3	27	30.61	
1971	3	28	28.74	
1971	3	29	29.08	
1971	3	30	30.04	
1971	4	1	28.52	
1971	4	2	26.60	
1971	4	3	28.66	
1971	4	4	27.84	
1971	4	5	29.22	
1971	4	6	30.20	
1971	4	7	30.67	
1971	4	8	30.34	
1971	4	9	28.54	
1971	4	10	29.25	
1971	4	11	29.97	
1971	4	12	27.85	
1971	4	13	31.43	
1971	4	14	32.17	
1971	4	15	29.28	
1971	4	16	26.16	
1971	4	17	26.07	
1971	4	18		
1971	4	19	29.58	
1971	4	20	28.87	
1971	4	21	28.24	
1971	4	22	29.44	
1971	4	23	27.96	
1971	4	24	27.01	
1971	4	25	30.35	
1971	4	26	28.41	
1971	4	27	29.14	
1971	4	28	28.96	
1971	4	29	27.92	
1971	4	30	27.94	
1971	5	1	26.82	
1971	5	2	23.02	
1971	5	3	24.28	
1971	5	4	26.44	
1971	5	5	25.49	
1971	5	6	25.31	
1971	5	7	27.52	
1971	5	8		
1971	5	9	30.12	
1971	5	10	29.92	
1971	5	11	29.49	
1971	5	12	26.32	
1971	5	13	26.10	
1971	5	14	28.58	
1971	5	15	26.46	
1971	5	16	23.34	
1971	5	17	26.05	
1971	5	18	26.42	
1971	5	19	25.02	
1971	5	20	25.32	
1971	5	21	25.45	
1971	5	22	29.17	
1971	5	23	29.63	
1971	5	24	28.77	
1971	5	25	28.99	
1971	5	26	27.87	
1971	5	27	28.35	
1971	5	28	27.52	
1971	5	29	25.44	
1971	5	30	29.80	
1971	5	31	29.48	
1971	6	1	29.66	
1971	6	2	25.63	
1971	6	3	24.72	
1971	6	4	28.58	
1971	6	5	28.56	
1971	6	6	26.19	
1971	6	7	25.20	
1971	6	8	27.21	
1971	6	9	26.86	
1971	6	10	28.34	
1971	6	11	28.28	
1971	6	12	28.16	
1971	6	13	28.31	
1971	6	14	28.56	
1971	6	15	29.51	
1971	6	16	29.82	
1971	6	17	30.13	
1971	6	18	29.01	
1971	6	19	28.23	
1971	6	20	28.49	
1971	6	21	28.89	
1971	6	22	28.15	
1971	6	23	28.72	
1971	6	24	28.02	
1971	6	25	27.90	
1971	6	26	28.38	
1971	6	27	27.83	
1971	6	28	27.66	
1971	6	29	28.87	
1971	6	30	28.86	
1971	7	1	27.83	
1971	7	2	27.85	
1971	7	3	28.82	
1971	7	4	28.40	
1971	7	5	28.14	
1971	7	6	28.41	
1971	7	7	27.58	
1971	7	8	28.42	
1971	7	9	27.89	
1971	7	10	29.21	
1971	7	11	29.38	
1971	7	12	29.13	
1971	7	13	29.19	
1971	7	14	29.43	
1971	7	15	28.94	
1971	7	16	28.61	
1971	7	17	29.36	
1971	7	18	30.31	
1971	7	19	29.23	
1971	7	20	29.33	
1971	7	21	30.01	
1971	7	22	30.99	
1971	7	23	29.95	
1971	7	24	30.04	
1971	7	25	29.42	
1971	7	26	29.92	
1971	7	27	30.23	
1971	7	28	30.10	
1971	7	29	29.90	
1971	7	30	29.61	
1971	7	31	29.18	
1971	8	1	35.67	
1971	8	2	27.28	
1971	8	3		
1971	8	4	27.95	
1971	8	5	29.69	
1971	8	6	29.89	
1971	8	7	29.91	
1971	8	8	28.31	
1971	8	9		
1971	8	10	28.42	
1971	8	11	29.22	
1971	8	12	29.37	
1971	8	13	28.74	
1971	8	14	29.44	
1971	8	15	30.30	
1971	8	16	29.90	
1971	8	17	30.36	
1971	8	18	30.64	
1971	8	19	30.26	
1971	8	20	30.75	
1971	8	21		
1971	8	22	28.64	
1971	8	23	29.17	
1971	8	24	29.88	
1971	8	25	29.01	
1971	8	26	29.45	
1971	8	27	29.93	
1971	8	28	30.47	
1971	8	29	27.59	
1971	8	30	25.65	
1971	8	31	28.70	
1971	9	1	28.04	
1971	9	2	26.60	
1971	9	3	27.20	
1971	9	4	27.89	
1971	9	5	29.00	
1971	9	6	29.23	
1971	9	7	28.38	
1971	9	8	28.53	
1971	9	9	28.79	
1971	9	10	28.63	
1971	9	11	28.95	
1971	9	12	29.09	
1971	9	13	28.95	
1971	9	14	28.84	
1971	9	15	28.61	
1971	9	16	28.66	
1971	9	17	27.48	
1971	9	18	27.24	
1971	9	19	29.66	
1971	9	20	30.90	
1971	9	21	30.29	
1971	9	22	30.86	
1971	9	23	29.98	
1971	9	24	30.13	
1971	9	25	31.19	
1971	9	26	26.09	
1971	9	27	29.24	
1971	9	28	30.97	
1971	9	29	27.33	
1971	9	30	29.98	
1971	10	1	30.26	31.17
1971	10	2	31.10	
1971	10	3	31.22	
1971	10	4	31.23	31.21
1971	10	5	31.10	
1971	10	6	29.58	
1971	10	7	29.56	
1971	10	8	29.84	30.65
1971	10	9	28.18	
1971	10	10	29.83	
1971	10	11	29.60	30.19
1971	10	12	29.37	
1971	10	13	31.08	
1971	10	14	29.67	
1971	10	15	30.27	31.54
1971	10	16	30.27	
1971	10	17	30.74	
1971	10	18	30.96	31.03
1971	10	19	30.89	
1971	10	20	30.96	
1971	10	21	31.45	
1971	10	22	29.76	31.05
1971	10	23	27.80	
1971	10	24		
1971	10	25	30.91	30.77
1971	10	26	30.88	
1971	10	27	31.92	
1971	10	28	28.88	
1971	10	29	29.67	30.29
1971	10	30	24.09	
1971	11	1	30.74	30.76
1971	11	2	29.81	
1971	11	3	28.99	
1971	11	4	30.42	
1971	11	5	29.60	
1971	11	6	29.26	
1971	11	7	32.12	
1971	11	8	32.10	32.13
1971	11	9	31.37	
1971	11	10	28.52	
1971	11	11	30.16	
1971	11	12	30.52	32.27
1971	11	13	28.14	
1971	11	14	31.56	
1971	11	15	31.34	31.82
1971	11	16	31.09	
1971	11	17	31.35	
1971	11	18	31.49	
1971	11	19	29.22	30.56
1971	11	20	31.15	
1971	11	21	29.32	
1971	11	22	31.20	
1971	11	23	31.63	
1971	11	24	31.95	
1971	11	25		
1971	11	26	31.69	31.67
1971	11	27	31.67	
1971	11	28	30.96	
1971	11	29	31.52	31.87
1971	11	30	31.39	
1971	12	1	30.49	
1971	12	2	31.46	
1971	12	3	32.51	
1971	12	4	31.01	
1971	12	5	31.28	
1971	12	6	30.80	31.82
1971	12	7	30.44	
1971	12	8	31.25	
1971	12	9	30.13	31.95
1971	12	10	28.88	
1971	12	11	23.22	
1971	12	12	23.24	
1971	12	13	29.13	
1971	12	14	23.89	
1971	12	15	26.32	
1971	12	16	27.04	32.66
1971	12	17	27.37	
1971	12	18	32.19	
1971	12	19	29.35	
1971	12	20	26.92	32.86
1971	12	21	28.27	
1971	12	22	31.24	
1971	12	23	30.73	31.63
1971	12	24	29.68	
1971	12	25	31.36	
1971	12	26	29.84	
1971	12	27	31.31	33.34
1971	12	28	31.21	
1971	12	29	31.84	
1971	12	30		
1971	12	31	31.84	
