quad	lat	lon	yr	mo	day	time	ship_code	#groups	data type	cruise	station												
7	3847	7434	65	5	1	140	31FF	6	3	6376	1	0	810	5	800	10	720	15	660	20	640	25	630
7	3847	7434	65	5	2	140	31FF	5	3	6376	2	0	1020	5	800	10	690	15	660	20	660		
7	3847	7434	65	5	3	140	31FF	6	3	6376	3	0	860	5	820	10	690	15	650	20	650	25	640
7	3847	7434	65	5	5	140	31FF	6	3	6376	5	0	900	5	890	10	840	15	680	20	670	25	650
7	3847	7434	65	5	6	140	31FF	5	3	6376	6	0	860	5	860	10	770	15	720	20	710		
7	3847	7434	65	5	8	140	31FF	5	3	6376	8	0	890	5	890	10	890	15	890	20	860		
7	3847	7434	65	5	9	140	31FF	5	3	6376	9	0	930	5	900	10	890	15	890	20	880		
7	3847	7434	65	5	11	140	31FF	5	3	6376	11	0	920	5	880	10	720	15	700	20	530		
7	3847	7434	65	5	12	140	31FF	5	3	6376	12	0	1050	5	1010	10	880	15	780	20	730		
7	3847	7434	65	5	13	140	31FF	5	3	6376	13	0	1040	5	1030	10	980	15	780	20	720		
7	3847	7434	65	5	14	140	31FF	6	3	6376	14	0	900	5	890	10	870	15	840	20	740	25	640
7	3847	7434	65	5	15	140	31FF	5	3	6376	15	0	1120	5	1080	10	1070	15	1030	20	780		
7	3847	7434	65	5	16	140	31FF	5	3	6376	16	0	1110	5	1080	10	900	15	730	20	720		
7	3847	7434	65	5	17	140	31FF	5	3	6376	17	0	970	5	930	10	880	15	540	20	500		
7	3847	7434	65	5	18	140	31FF	6	3	6376	18	0	1210	5	1170	10	1060	15	720	20	700	25	690
7	3847	7434	65	5	19	140	31FF	6	3	6376	19	0	1170	5	1120	10	980	15	740	20	710	25	700
7	3847	7434	65	5	20	140	31FF	6	3	6376	20	0	1280	5	1130	10	810	15	780	20	750	25	750
7	3847	7434	65	5	22	140	31FF	5	3	6376	22	0	1120	5	1090	10	850	15	600	20	590		
7	3847	7434	65	5	23	140	31FF	5	3	6376	23	0	1380	5	1340	10	1050	15	730	20	700		
7	3847	7434	65	5	24	140	31FF	4	3	6376	24	0	1410	5	1390	10	1010	15	880				
7	3847	7434	65	5	25	140	31FF	5	3	6376	25	0	1360	5	1360	10	1130	15	870	20	800		
7	3847	7434	65	5	26	140	31FF	5	3	6376	26	0	1480	5	1430	10	1240	15	900	20	750		
7	3847	7434	65	5	27	140	31FF	5	3	6376	27	0	1530	5	1470	10	1290	15	910	20	740		
7	3847	7434	65	5	28	140	31FF	6	3	6376	28	0	1540	5	1530	10	1310	15	950	20	770	25	730
7	3847	7434	65	5	31	140	31FF	6	3	6376	31	0	1550	5	1500	10	1460	15	1120	20	820	25	800
7	3847	7434	65	6	1	140	31FF	6	3	6377	1	0	1530	5	1520	10	1130	15	770	20	720	25	710
7	3847	7434	65	6	2	140	31FF	6	3	6377	2	0	1480	5	1460	10	1260	15	760	20	700	25	700
7	3847	7434	65	6	4	140	31FF	6	3	6377	3	0	1350	5	1330	10	1150	15	860	20	820	25	810
7	3847	7434	65	6	6	140	31FF	5	3	6377	5	0	1510	5	1470	10	1380	15	840	20	740		
7	3847	7434	65	6	7	140	31FF	6	3	6377	6	0	1540	5	1510	10	1270	15	790	20	710	25	710
7	3847	7434	65	6	8	140	31FF	5	3	6377	7	0	1670	5	1630	10	1380	15	930	20	720		
7	3847	7434	65	6	9	140	31FF	5	3	6377	8	0	1660	5	1620	10	1020	15	830	20	730		
7	3847	7434	65	6	10	140	31FF	5	3	6377	9	0	1660	5	1650	10	1600	15	840	20	740		
7	3847	7434	65	6	11	140	31FF	5	3	6377	10	0	1700	5	1690	10	1410	15	890	20	810		
7	3847	7434	65	6	12	140	31FF	5	3	6377	11	0	1770	5	1730	10	1670	15	810	20	770		
7	3847	7434	65	6	13	140	31FF	6	3	6377	12	0	1770	5	1750	10	1610	15	770	20	720	25	700
7	3847	7434	65	6	14	140	31FF	5	3	6377	13	0	1740	5	1730	10	1590	15	800	20	760		
7	3847	7434	65	6	18	140	31FF	6	3	6377	14	0	1530	5	1520	10	1510	15	1490	20	1490	25	1490
7	3847	7434	65	6	19	140	31FF	6	3	6377	15	0	1560	5	1520	10	1490	15	1460	20	1460	25	1450
7	3847	7434	65	6	20	140	31FF	5	3	6377	16	0	1540	5	1510	10	1500	15	1470	20	1450		
7	3847	7434	65	6	21	140	31FF	6	3	6377	17	0	1670	5	1610	10	1520	15	1470	20	1470	25	1480
7	3847	7434	65	6	23	140	31FF	5	3	6377	19	0	1770	5	1710	10	1620	15	1530	20	1380		
7	3847	7434	65	6	24	140	31FF	5	3	6377	20	0	1770	5	1740	10	1680	15	1550	20	1390		
7	3847	7434	65	6	26	140	31FF	6	3	6377	22	0	1820	5	1790	10	1680	15	1550	20	1430	25	1070
7	3847	7434	65	6	27	140	31FF	6	3	6377	23	0	1860	5	1840	10	1820	15	1490	20	1440	25	1370
7	3847	7434	65	6	28	140	31FF	6	3	6377	24	0	1910	5	1890	10	1830	15	1600	20	1500	25	1250
7	3847	7434	65	6	29	140	31FF	6	3	6377	25	0	1910	5	1890	10	1410	15	1220	20	1170	25	1070
7	3847	7434	65	6	30	140	31FF	6	3	6377	26	0	2000	5	1960	10	1890	15	1550	20	1040	25	940
7	3847	7434	65	7	2	140	31FF	6	3	6668	1	0	1980	5	1930	10	1680	15	1360	20	1310	25	1300
7	3847	7434	65	7	3	140	31FF	6	3	6668	2	0	1970	5	1970	10	1850	15	1360	20	1260	25	1210
7	3847	7434	65	7	4	140	31FF	5	3	6668	3	0	1940	5	1900	10	1890	15	1310	20	1000		
7	3847	7434	65	7	6	140	31FF	6	3	6668	4	0	2140	5	1970	10	1820	15	1360	20	1060	25	1010
7	3847	7434	65	7	7	140	31FF	5	3	6668	5	0	2040	5	2020	10	1880	15	1370	20	1200		
7	3847	7434	65	7	8	140	31FF	5	3	6668	6	0	2090	5	2050	10	1850	15	1390	20	1210		
7	3847	7434	65	7	9	140	31FF	5	3	6668	7	0	2190	5	2130	10	1990	15	1300	20	1130		
7	3847	7434	65	7	10	140	31FF	5	3	6668	8	0	2050	5	2050	10	1810	15	1260	20	990		
7	3847	7434	65	7	11	140	31FF	5	3	6668	9	0	2120	5	2110	10	1950	15	1440	20	1230		
7	3847	7434	65	7	12	140	31FF	6	3	6668	10	0	2130	5	2130	10	2070	15	1450	20	1200	25	1070
7	3847	7434	65	7	13	140	31FF	6	3	6668	11	0	2180	5	2160	10	1920	15	1330	20	1100	25	1040
7	3847	7434	65	7	14	140	31FF	6	3	6668	12	0	2290	5	2200	10	2020	15	1460	20	1140	25	1130
7	3847	7434	65	7	16	140	31FF	3	3	6668	13	0	2300	5	2300	10	2350						
7	3847	7434	65	7	17	140	31FF	6	3	6668	14	0	2300	5	2290	10	2200	15	1420	20	1280	25	1150
7	3847	7434	65	7	19	140	31FF	5	3	6668	15	0	2130	5	2130	10	2110	15	1200	20	890		
7	3847	7434	65	8	3	140	31FF	6	3	6669	1	0	2240	5	2200	10	2170	15	1300	20	1000	25	1010
7	3847	7434	65	8	4	140	31FF	4	3	6669	2	0	2230	5	2210	10	2130	15	1170				
7	3847	7434	65	8	5	140	31FF	5	3	6669	3	0	2220	5	2200	10	2170	15	1380	20	1040		
7	3847	7434	65	8	6	140	31FF	4	3	6669	4	0	2220	5	2130	10	2030	15	1200				
7	3847	7434	65	8	7	140	31FF	5	3	6669	5	0	2300	5	2300	10	2030	15	990	20	950		
7	3847	7434	65	8	8	140	31FF	5	3	6669	6	0	2250	5	2240	10	1770	15	900	20	880		
7	3847	7434	65	8	10	140	31FF	6	3	6669	7	0	2220	5	2220	10	1790	15	860	20	810	25	800
7	3847	7434	65	8	11	140	31FF	5	3	6669	8	0	2100	5	2090	10	1750	15	800	20	700		
7	3847	7434	65	8	12	140	31FF	5	3	6669	9	0	2290	5	2280	10	2170	15	980	20	720		
7	3847	7434	65	8	13	140	31FF	6	3	6669	10	0	2220	5	2210	10	2040	15	1060	20	840	25	840
7	3847	7434	65	8	14	140	31FF	5	3	6669	11	0	2280	5	2150	10	1960	15	800	20	720		
7	3847	7434	65	8	15	140	31FF	6	3	6669	12	0	2360	5	2360	10	2200	15	1050	20	860	25	820
7	3847	7434	65	8	16	140	31FF	6	3	6669	13	0	2450	5	2390	10	2270	15	1210	20	930	25	870
7	3847	7434	65	8	17	140	31FF	6	3	6669	14	0	2480	5	2430	10	2070	15	990	20	940	25	940
7	3847	7434	65	8	18	140	31FF	6	3	6669	15	0	2420	5	2400	10	2130	15	1160	20	930	25	910
7	3847	7434	65	8	19	140	31FF	6	3	6669	16	0	2520	5	2490	10	2080	15	1180	20	970	25	950
7	3847	7434	65	8	21	140	31FF	6	3	6669	17	0	2490	5	2470	10	2130	15	1140	20	920	25	920					
7	3847	7434	65	8	23	140	31FF	6	3	6669	18	0	2390	5	2390	10	2350	15	1460	20	1130	25	1030					
7	3847	7434	65	8	24	140	31FF	6	3	6669	19	0	2250	5	2240	10	2230	15	1340	20	1010	25	900					
7	3847	7434	65	8	25	140	31FF	6	3	6669	20	0	2200	5	2130	10	1690	15	1370	20	1190	25	1150					
7	3847	7434	65	8	28	140	31FF	6	3	6669	21	0	1410	5	1400	10	2180	15	1260	20	1180	25	1180					
7	3847	7434	65	8	30	140	31FF	6	3	6669	22	0	1800	5	1800	10	1800	15	1380	20	930	25	910					
7	3847	7434	65	8	31	140	31FF	6	3	6669	23	0	1970	5	1930	10	1860	15	1660	20	1000	25	950					
7	3847	7434	65	9	1	100	31FF	6	3	6689	1	0	2050	5	2050	10	2030	15	1370	20	1270	25	1270					
7	3847	7434	65	9	3	100	31FF	6	3	6689	3	0	1970	5	1960	10	1950	15	1320	20	840	25	810					
7	3847	7434	65	9	4	100	31FF	6	3	6689	4	0	2090	5	2090	10	1950	15	1740	20	1270	25	1020					
7	3847	7434	65	9	5	100	31FF	6	3	6689	5	0	2070	5	2060	10	2050	15	1790	20	1420	25	1160					
7	3847	7434	65	9	6	100	31FF	6	3	6689	6	0	1830	5	1820	10	1800	15	1540	20	1450	25	1110					
7	3847	7434	65	9	7	100	31FF	6	3	6689	7	0	2000	5	1970	10	1920	15	1800	20	1540	25	1410					
7	3847	7434	65	9	8	100	31FF	6	3	6689	8	0	2180	5	2150	10	2140	15	2060	20	1600	25	1370					
7	3847	7434	65	9	9	100	31FF	5	3	6689	9	0	2100	5	2100	10	2100	15	1970	20	1430							
7	3847	7434	65	9	10	100	31FF	9	3	6689	10	0	2170	5	2140	10	2110	15	2000	20	1530	25	1510	30	1490	35	1410	401340
7	3847	7434	65	9	11	100	31FF	6	3	6689	11	0	2220	5	2110	10	2000	15	1730	20	1370	25	1290		
7	3847	7434	65	9	12	100	31FF	6	3	6689	12	0	2110	5	2110	10	2100	15	2070	20	1720	25	1420		
7	3847	7434	65	9	13	100	31FF	6	3	6689	13	0	2120	5	2120	10	2090	15	2080	20	1990	25	1970		
7	3847	7434	65	9	14	100	31FF	7	3	6689	14	0	1940	5	1930	10	1900	15	1890	20	1890	25	1850	30	1770
7	3847	7434	65	9	16	100	31FF	5	3	6689	15	0	1940	5	1920	10	1760	15	1720	20	1700				
7	3847	7434	65	9	17	100	31FF	6	3	6689	16	0	2000	5	2000	10	1970	15	1840	20	1770	25	1720		
7	3847	7434	65	9	18	100	31FF	6	3	6689	17	0	1830	5	1790	10	1740	15	1710	20	1630	25	1600		
7	3847	7434	65	9	19	100	31FF	6	3	6689	18	0	2090	5	2040	10	2010	15	1950	20	1890	25	1790		
7	3847	7434	65	9	20	100	31FF	6	3	6689	19	0	2110	5	2100	10	2080	15	2050	20	2050	25	1930		
7	3847	7434	65	9	21	100	31FF	5	3	6689	20	0	2150	5	2110	10	2010	15	1940	20	1890				
7	3847	7434	65	9	22	100	31FF	5	3	6689	21	0	2210	5	2200	10	2150	15	1960	20	1510				
7	3847	7434	65	9	24	100	31FF	6	3	6689	22	0	2270	5	2220	10	2200	15	1950	20	1610	25	1250		
7	3847	7434	65	9	25	100	31FF	7	3	6689	23	0	2080	5	2080	10	2070	15	1660	20	1410	25	1190	30	1160
7	3847	7434	65	9	28	100	31FF	6	3	6689	24	0	1970	5	1980	10	1980	15	1980	20	1970	25	1930		
7	3847	7434	65	9	29	100	31FF	6	3	6689	25	0	1890	5	1890	10	1890	15	1880	20	1880	25	1870		
7	3847	7434	65	9	30	100	31FF	6	3	6689	26	0	2000	5	1970	10	1960	15	1930	20	1800	25	1740		
7	3847	7434	65	9	99	100	31FF	5	3	6689	2	0	1940	5	1940	10	1840	15	980	20	970		
7	3847	7434	65	10	2	140	31FF	6	3	6708	2	0	1860	5	1860	10	1830	15	1500	20	1360	25	1350
7	3847	7434	65	10	4	140	31FF	6	3	6708	4	0	1800	5	1800	10	1780	15	1770	20	1240	25	1250
7	3847	7434	65	10	6	140	31FF	3	3	6708	6	0	1570	5	1540	10	1540						
7	3847	7434	65	10	7	140	31FF	4	3	6708	7	0	1760	5	1630	10	1650	15	1640				
7	3847	7434	65	10	8	140	31FF	6	3	6708	8	0	1780	5	1700	10	1690	15	1670	20	1500	25	1360
7	3847	7434	65	10	9	140	31FF	6	3	6708	9	0	1640	5	1630	10	1610	15	1600	20	1350	25	1270
7	3847	7434	65	10	11	140	31FF	6	3	6708	11	0	1650	5	1640	10	1640	15	1630	20	1610	25	1230
7	3847	7434	65	10	15	140	31FF	5	3	6708	15	0	1660	5	1660	10	1640	15	1420	20	1110		
7	3847	7434	65	10	16	140	31FF	5	3	6708	16	0	1630	5	1630	10	1630	15	1200	20	970		
7	3847	7434	65	10	18	140	31FF	6	3	6708	17	0	1530	5	1530	10	1530	15	1530	20	1450	25	1430
7	3847	7434	65	10	19	140	31FF	6	3	6708	18	0	1520	5	1530	10	1530	15	1440	20	1280	25	1230
7	3847	7434	65	10	20	140	31FF	6	3	6708	19	0	1610	5	1590	10	1590	15	1580	20	1340	25	1270
7	3847	7434	65	10	21	140	31FF	6	3	6708	20	0	1570	5	1570	10	1570	15	1560	20	1450	25	1380
7	3847	7434	65	10	22	140	31FF	6	3	6708	21	0	1600	5	1590	10	1590	15	1590	20	1520	25	1430
7	3847	7434	65	10	23	140	31FF	5	3	6708	22	0	1540	5	1580	10	1570	15	1460	20	1420		
7	3847	7434	65	10	24	140	31FF	5	3	6708	23	0	1570	5	1570	10	1570	15	1440	20	1430		
7	3847	7434	65	10	26	140	31FF	6	3	6708	24	0	1040	5	1050	10	1040	15	1030	20	1030	25	1040
7	3847	7434	65	10	27	100	31FF	6	3	6708	25	0	1390	5	1400	10	1400	15	1400	20	1220	25	1180
7	3847	7434	65	10	28	140	31FF	4	3	6708	26	0	1340	5	1410	10	1410	15	1330				
7	3847	7434	65	10	31	140	31FF	4	3	6708	27	0	1280	5	1280	10	1280	15	1270				
7	3847	7434	65	11	4	150	31FF	6	3	6725	1	0	1400	5	1400	10	1370	15	1290	20	1290	25	1250
7	3847	7434	65	11	5	150	31FF	6	3	6725	2	0	1040	5	1040	10	1040	15	1030	20	1010	25	1000
7	3847	7434	65	11	6	150	31FF	5	3	6725	3	0	1370	5	1370	10	1370	15	1370	20	1340		
7	3847	7434	65	11	7	150	31FF	5	3	6725	4	0	1300	5	1270	10	1240	15	1240	20	1240		
7	3847	7434	65	11	8	150	31FF	5	3	6725	5	0	1070	5	1070	10	1070	15	1060	20	1030		
7	3847	7434	65	11	30	150	31FF	5	3	6725	21	0	890	5	890	10	890	15	890	20	890		
7	3847	7434	65	12	1	150	31FF	6	3	7158	1	0	770	5	790	10	800	15	810	20	830	25	840
7	3843	7434	65	12	2	150	31FF	6	3	7158	2	0	900	5	900	10	900	15	910	20	910	25	910
7	3847	7434	65	12	3	150	31FF	5	3	7158	3	0	1070	5	1080	10	1090	15	1070	20	1060		
7	3847	7434	65	12	4	150	31FF	5	3	7158	4	0	1000	5	1010	10	1010	15	1010	20	1010		
7	3847	7434	65	12	5	150	31FF	5	3	7158	5	0	750	5	750	10	760	15	760	20	760		
7	3847	7434	65	12	6	150	31FF	5	3	7158	6	0	880	5	880	10	880	15	890	20	890		
7	3847	7434	65	12	8	150	31FF	5	3	7158	7	0	800	5	810	10	810	15	800	20	800		
7	3847	7434	65	12	9	150	31FF	6	3	7158	8	0	760	5	770	10	770	15	770	20	770	25	780
7	3847	7434	65	12	11	150	31FF	6	3	7158	10	0	920	5	920	10	920	15	910	20	920	25	920
7	3847	7434	65	12	12	150	31FF	6	3	7158	11	0	920	5	920	10	920	15	920	20	920	25	920
7	3847	7434	65	12	13	150	31FF	6	3	7158	12	0	910	5	930	10	930	15	920	20	920	25	910
7	3847	7434	65	12	14	150	31FF	6	3	7158	13	0	900	5	920	10	900	15	900	20	900	25	900
7	3847	7434	65	12	15	150	31FF	6	3	7158	14	0	730	5	740	10	740	15	740	20	740	25	740
7	3847	7434	65	12	16	150	31FF	6	3	7158	15	0	870	5	870	10	870	15	880	20	880	25	880
7	3847	7434	65	12	18	150	31FF	6	3	7158	17	0	690	5	700	10	700	15	700	20	700	25	700
7	3847	7434	65	12	19	150	31FF	5	3	7158	18	0	700	5	720	10	720	15	710	20	710		
7	3847	7434	65	12	20	150	31FF	6	3	7158	19	0	530	5	560	10	570	15	570	20	570	25	570
7	3847	7434	65	12	21	150	31FF	6	3	7158	20	0	570	5	570	10	570	15	570	20	570	25	570
7	3847	7434	65	12	22	150	31FF	6	3	7158	21	0	790	5	800	10	800	15	800	20	800	25	800
7	3847	7434	65	12	23	150	31FF	6	3	7158	22	0	810	5	820	10	820	15	810	20	810	25	810
7	3847	7434	65	12	24	150	31FF	6	3	7158	23	0	800	5	800	10	800	15	800	20	800	25	800
7	3847	7434	65	12	27	150	31FF	6	3	7158	24	0	610	5	620	10	620	15	620	20	620	25	620				
7	3847	7434	65	12	29	150	31FF	6	3	7158	26	0	710	5	720	10	720	15	720	20	720	25	730				
7	3847	7434	65	12	30	150	31FF	6	3	7158	27	0	730	5	730	10	730	15	730	20	730	25	730				
7	3847	7434	66	1	1	100	31FF	7	3	7117	1	0	760	5	740	10	750	15	770	20	780	25	770	30	790		
7	3847	7434	66	1	2	100	31FF	6	3	7117	2	0	730	5	730	10	730	15	750	20	770	25	760				
7	3847	7434	66	1	3	100	31FF	5	3	7117	3	0	750	5	730	10	740	15	740	20	740						
7	3847	7434	66	1	4	100	31FF	8	3	7117	4	0	720	5	730	10	730	15	740	20	730	25	740	30	780	35	730
7	3847	7434	66	1	5	100	31FF	6	3	7117	5	0	730	5	740	10	750	15	750	20	750	25	740				
7	3847	7434	66	1	7	100	31FF	6	3	7117	6	0	740	5	720	10	730	15	720	20	720	25	720				
7	3847	7434	66	1	10	100	31FF	7	3	7117	7	0	630	5	630	10	630	15	620	20	610	25	600	30	610		
7	3847	7434	66	1	11	100	31FF	6	3	7117	8	0	420	5	430	10	430	15	420	20	420	25	420				
7	3847	7434	66	1	12	100	31FF	7	3	7117	9	0	380	5	400	10	400	15	400	20	400	25	400	30	400		
7	3847	7434	66	1	13	100	31FF	6	3	7117	10	0	330	5	340	10	360	15	360	20	360	25	360				
7	3847	7434	66	1	14	100	31FF	6	3	7117	11	0	600	5	600	10	610	15	610	20	610	25	600				
7	3847	7434	66	1	15	100	31FF	6	3	7117	12	0	380	5	390	10	400	15	390	20	390	25	390				
7	3847	7434	66	1	20	100	31FF	5	3	7117	13	0	290	5	290	10	290	15	300	20	300						
7	3847	7434	66	1	21	100	31FF	6	3	7117	14	0	570	5	570	10	570	15	570	20	570	25	570				
7	3847	7434	66	1	22	100	31FF	6	3	7117	15	0	450	5	440	10	440	15	440	20	450	25	440				
7	3847	7434	66	1	25	100	31FF	7	3	7117	16	0	90	5	90	10	90	15	90	20	90	25	90	30	70		
7	3847	7434	66	1	26	100	31FF	5	3	7117	17	0	110	5	110	10	110	15	110	20	110						
7	3847	7434	66	1	29	100	31FF	8	3	7117	18	0	20	5	60	10	70	15	70	20	70	25	70	30	60	35	110
7	3847	7434	66	2	3	100	31FF	5	3	7118	2	0	230	5	240	10	240	15	250	20	250						
7	3847	7434	66	2	4	100	31FF	6	3	7118	3	0	240	5	230	10	230	15	230	20	240	25	240				
7	3847	7434	66	2	6	100	31FF	6	3	7118	4	0	180	5	190	10	190	15	190	20	190	25	190				
7	3847	7434	66	2	7	100	31FF	7	3	7118	5	0	180	5	190	10	190	15	190	20	190	25	190	30	190		
7	3847	7434	66	2	8	100	31FF	8	3	7118	6	0	190	5	200	10	210	15	200	20	190	25	190	30	200	35	190
7	3847	7434	66	2	9	100	31FF	6	3	7118	7	0	130	5	130	10	130	15	130	20	130	25	120				
7	3847	7434	66	2	10	100	31FF	7	3	7118	8	0	140	5	140	10	160	15	160	20	160	25	160	30	180		
7	3847	7434	66	2	11	100	31FF	6	3	7118	9	0	170	5	170	10	180	15	190	20	190	25	190				
7	3847	7434	66	2	12	100	31FF	6	3	7118	10	0	230	5	250	10	280	15	290	20	290	25	290				
7	3847	7434	66	2	14	100	31FF	6	3	7118	11	0	270	5	270	10	290	15	290	20	320	25	330				
7	3847	7434	66	2	15	100	31FF	3	3	7118	12	0	270	5	280	10	280										
7	3847	7434	66	2	16	100	31FF	6	3	7118	13	0	280	5	280	10	290	15	290	20	300	25	300		
7	3847	7434	66	2	17	100	31FF	6	3	7118	14	0	240	5	250	10	260	15	260	20	270	25	270		
7	3847	7434	66	2	18	100	31FF	4	3	7118	15	0	300	5	300	10	300	15	300						
7	3847	7434	66	2	19	100	31FF	6	3	7118	16	0	310	5	310	10	310	15	330	20	330	25	330		
7	3847	7434	66	2	22	100	31FF	6	3	7118	17	0	280	5	290	10	280	15	280	20	290	25	280		
7	3847	7434	66	2	23	100	31FF	6	3	7118	18	0	200	5	200	10	210	15	210	20	210	25	210		
7	3847	7434	66	2	24	100	31FF	7	3	7118	19	0	190	5	200	10	200	15	200	20	210	25	210	30	200
7	3847	7434	66	2	27	100	31FF	7	3	7118	20	0	180	5	180	10	190	15	190	20	200	25	210	30	150
7	3847	7434	66	2	28	100	31FF	6	3	7118	21	0	200	5	190	10	190	15	180	20	180	25	180		
7	3847	7434	66	3	2	150	31FF	6	3	7159	1	0	210	5	210	10	220	15	250	20	250	25	260		
7	3847	7434	66	3	4	150	31FF	6	3	7159	3	0	300	5	290	10	300	15	310	20	310	25	320		
7	3847	7434	66	3	5	150	31FF	3	3	7159	4	0	310	5	310	10	310								
7	3847	7434	66	3	6	150	31FF	6	3	7159	5	0	310	5	310	10	310	15	310	20	300	25	310		
7	3847	7434	66	3	7	150	31FF	6	3	7159	6	0	320	5	320	10	330	15	340	20	340	25	350		
7	3847	7434	66	3	8	150	31FF	6	3	7159	7	0	350	5	350	10	350	15	360	20	370	25	380		
7	3847	7434	66	3	9	150	31FF	6	3	7159	8	0	320	5	330	10	330	15	330	20	340	25	340		
7	3847	7434	66	3	10	150	31FF	6	3	7159	9	0	310	5	310	10	310	15	320	20	330	25	320
7	3847	7434	66	3	11	150	31FF	6	3	7159	10	0	360	5	360	10	360	15	360	20	360	25	360
7	3847	7434	66	3	12	150	31FF	6	3	7159	11	0	440	5	380	10	370	15	370	20	360	25	360
7	3847	7434	66	3	13	150	31FF	6	3	7159	12	0	370	5	370	10	340	15	340	20	340	25	340
7	3847	7434	66	3	14	150	31FF	6	3	7159	13	0	380	5	380	10	350	15	340	20	340	25	340
7	3847	7434	66	3	15	150	31FF	6	3	7159	14	0	360	5	360	10	350	15	350	20	350	25	350
7	3847	7434	66	3	17	150	31FF	5	3	7159	16	0	410	5	410	10	410	15	410	20	410		
7	3847	7434	66	3	18	150	31FF	5	3	7159	17	0	410	5	410	10	410	15	410	20	410		
7	3847	7434	66	3	19	150	31FF	6	3	7159	18	0	480	5	400	10	390	15	390	20	390	25	390
7	3847	7434	66	3	20	150	31FF	4	3	7159	19	0	480	5	440	10	420	15	410				
7	3847	7434	66	3	21	150	31FF	5	3	7159	20	0	270	5	250	10	250	15	190	20	180		
7	3847	7434	66	3	22	150	31FF	6	3	7159	21	0	510	5	510	10	500	15	390	20	390	25	390
7	3847	7434	66	3	23	150	31FF	6	3	7159	22	0	530	5	520	10	520	15	420	20	410	25	400
7	3847	7434	66	3	24	150	31FF	6	3	7159	23	0	510	5	510	10	510	15	420	20	410	25	410
7	3847	7434	66	3	24	147	31FF	5	3	9112	23	0	350	5	350	10	360	15	370	20	370		
7	3847	7434	66	3	26	150	31FF	4	3	7159	24	0	500	5	500	10	500	15	500				
7	3847	7434	66	3	27	150	31FF	6	3	7159	25	0	480	5	480	10	480	15	470	20	430	25	430
7	3847	7434	66	3	28	150	31FF	6	3	7159	26	0	450	5	450	10	450	15	450	20	450	25	410
7	3847	7434	66	3	29	150	31FF	6	3	7159	27	0	450	5	450	10	450	15	440	20	440	25	420
7	3847	7434	66	3	30	150	31FF	6	3	7159	28	0	490	5	490	10	480	15	470	20	460	25	460
7	3847	7434	66	3	31	150	31FF	6	3	7159	29	0	510	5	510	10	500	15	470	20	460	25	450
7	3847	7434	66	4	8	147	31FF	4	3	7160	8	0	560	5	550	10	520	15	500				
7	3847	7434	66	4	9	150	31FF	6	3	7160	9	0	550	5	530	10	510	15	470	20	470	25	470
7	3847	7434	66	4	10	150	31FF	6	3	7160	10	0	590	5	580	10	570	15	540	20	480	25	470
7	3847	7434	66	4	11	150	31FF	6	3	7160	11	0	670	5	630	10	610	15	530	20	510	25	500
7	3847	7434	66	4	14	150	31FF	6	3	7160	13	0	570	5	570	10	570	15	570	20	570	25	560
7	3847	7434	66	4	15	150	31FF	6	3	7160	14	0	590	5	590	10	580	15	570	20	570	25	570
7	3847	7434	66	4	17	150	31FF	6	3	7160	16	0	720	5	660	10	620	15	610	20	580	25	510
7	3847	7434	66	4	18	150	31FF	6	3	7160	17	0	670	5	660	10	660	15	640	20	610	25	590
7	3847	7434	66	4	19	150	31FF	6	3	7160	18	0	660	5	670	10	680	15	670	20	610	25	590
7	3847	7434	66	4	20	150	31FF	4	3	7160	19	0	670	5	670	10	670	15	670				
7	3847	7434	66	4	21	150	31FF	6	3	7160	20	0	710	5	680	10	670	15	650	20	640	25	640
7	3847	7434	66	5	11	147	31FF	6	3	7161	7	0	890	5	880	10	880	15	880	20	870	25	870		
7	3847	7434	66	5	12	147	31FF	6	3	7161	8	0	940	5	930	10	920	15	890	20	860	25	820		
7	3847	7434	66	5	13	99*	31FF	6	3	7161	9	0	1000	5	970	10	910	15	830	20	810	25	810		
7	3847	7434	66	5	16	147	31FF	6	3	7161	10	0	990	5	990	10	980	15	970	20	950	25	930		
7	3847	7434	66	5	17	147	31FF	6	3	7161	11	0	990	5	980	10	970	15	970	20	970	25	960		
7	3847	7434	66	5	22	215	31FF	7	3	7161	13	0	1280	5	1230	10	1100	15	990	20	920	25	900	30	880
7	3847	7434	66	5	23	147	31FF	6	3	7161	14	0	1220	5	1130	10	1100	15	940	20	930	25	920		
7	3847	7434	66	5	24	147	31FF	6	3	7161	15	0	1260	5	1100	10	970	15	960	20	930	25	920		
7	3847	7434	66	5	27	150	31FF	5	3	7161	18	0	1310	5	1220	10	1010	15	1000	20	990				
7	3847	7434	66	5	28	150	31FF	5	3	7161	19	0	1400	5	1270	10	1120	15	990	20	970				
7	3847	7434	66	5	29	150	31FF	6	3	7161	20	0	1340	5	1230	10	1220	15	1040	20	970	25	960		
7	3847	7434	66	5	30	150	31FF	6	3	7161	21	0	1330	5	1320	10	1200	15	1060	20	980	25	940		
7	3847	7434	66	5	31	150	31FF	4	3	7161	22	0	1390	5	1390	10	1210	15	1100						
7	3847	7434	66	8	1	140	31FF	6	3	9071	1	0	2070	5	2060	10	1900	15	1110	20	1080	25	1070		
7	3847	7434	66	8	2	140	31FF	5	3	9071	2	0	2100	5	1960	10	1260	15	1140	20	1110				
7	3847	7434	66	8	3	140	31FF	6	3	9071	3	0	1950	5	1960	10	1120	15	1030	20	1010	25	1010		
7	3847	7434	66	8	4	140	31FF	6	3	9071	4	0	2010	5	2000	10	1950	15	1100	20	930	25	930
7	3847	7434	66	8	5	140	31FF	6	3	9071	5	0	2030	5	2020	10	2020	15	1050	20	1000	25	1000
7	3847	7434	66	8	6	140	31FF	5	3	9071	6	0	2000	5	2000	10	1960	15	1070	20	1060		
7	3847	7434	66	8	7	140	31FF	6	3	9071	7	0	2150	5	2030	10	1980	15	1220	20	1110	25	1060
7	3847	7434	66	8	8	140	31FF	6	3	9071	8	0	2220	5	2220	10	2220	15	1550	20	1180	25	1150
7	3847	7434	66	8	9	140	31FF	6	3	9071	9	0	2300	5	2300	10	2200	15	1300	20	1190	25	1180
7	3847	7434	66	8	10	140	31FF	5	3	9071	10	0	2210	5	2200	10	2150	15	2150	20	1140		
7	3847	7434	66	8	11	140	31FF	5	3	9071	11	0	2300	5	2280	10	2130	15	1230	20	1220		
7	3847	7434	66	8	12	140	31FF	5	3	9071	12	0	2100	5	2100	10	1900	15	980	20	980		
7	3847	7434	66	8	13	140	31FF	5	3	9071	13	0	2070	5	2050	10	1550	15	970	20	930		
7	3847	7434	66	8	14	140	31FF	5	3	9071	14	0	2100	5	2090	10	1950	15	1000	20	1000		
7	3847	7434	66	8	15	140	31FF	6	3	9071	15	0	2100	5	2030	10	1550	15	1040	20	1020	25	1020
7	3847	7434	66	8	16	140	31FF	6	3	9071	16	0	2170	5	2170	10	1800	15	1090	20	1050	25	1020
7	3847	7434	66	8	17	140	31FF	6	3	9071	17	0	2100	5	2090	10	2060	15	1070	20	1040	25	1030
7	3847	7434	66	8	18	140	31FF	6	3	9071	18	0	2240	5	2210	10	2210	15	1190	20	1140	25	1100
7	3847	7434	66	8	19	140	31FF	6	3	9071	19	0	2220	5	2210	10	2000	15	1270	20	1170	25	1100
7	3847	7434	66	8	20	140	31FF	6	3	9071	20	0	2200	5	2200	10	2200	15	1210	20	1190	25	1080		
7	3847	7434	66	8	21	140	31FF	6	3	9071	21	0	2320	5	2320	10	2200	15	1300	20	1270	25	1270		
7	3847	7434	66	8	22	140	31FF	6	3	9071	22	0	2300	5	2300	10	2050	15	1220	20	1190	25	1190		
7	3847	7434	66	8	23	140	31FF	6	3	9071	23	0	2320	5	2300	10	2220	15	1240	20	1200	25	1180		
7	3847	7434	66	8	24	140	31FF	6	3	9071	24	0	2220	5	2240	10	2240	15	1650	20	1440	25	1270		
7	3847	7434	66	8	25	140	31FF	6	3	9071	25	0	2290	5	2230	10	2200	15	1330	20	1270	25	1230		
7	3847	7434	66	8	26	140	31FF	6	3	9071	26	0	2290	5	2240	10	2100	15	1320	20	1250	25	1240		
7	3847	7434	66	8	27	140	31FF	6	3	9071	27	0	2100	5	2100	10	2090	15	1350	20	1160	25	1130		
7	3847	7434	66	8	28	140	31FF	6	3	9071	28	0	2080	5	2070	10	2000	15	1200	20	1200	25	1200		
7	3847	7434	66	8	29	140	31FF	5	3	9071	29	0	2170	5	2180	10	2000	15	1290	20	1280				
7	3847	7434	66	8	30	140	31FF	5	3	9071	30	0	2220	5	2210	10	2050	15	1250	20	1210				
7	3847	7434	66	8	31	140	31FF	6	3	9071	31	0	2410	5	2400	10	2300	15	1350	20	1240	25	1240		
7	3847	7434	66	9	1	140	31FF	6	3	9073	1	0	2360	5	2350	10	2340	15	2340	20	1230	25	1160		
7	3847	7434	66	9	2	140	31FF	6	3	9073	2	0	2290	5	2290	10	2200	15	1500	20	1340	25	1310		
7	3847	7434	66	9	3	140	31FF	7	3	9073	3	0	2300	5	2300	10	2300	15	2200	20	1290	25	1240	30	1240
7	3847	7434	66	9	5	140	31FF	6	3	9073	5	0	2300	5	2280	10	2250	15	1500	20	1290	25	1190		
7	3847	7434	66	9	6	140	31FF	5	3	9073	6	0	2310	5	2310	10	2310	15	1700	20	1190		
7	3847	7434	66	9	7	140	31FF	5	3	9073	7	0	2290	5	2290	10	2280	15	1350	20	1230		
7	3847	7434	66	9	8	140	31FF	5	3	9073	8	0	2190	5	2190	10	1960	15	1390	20	1310		
7	3847	7434	66	9	9	140	31FF	6	3	9073	9	0	2190	5	2180	10	1720	15	1480	20	1410	25	1380
7	3847	7434	66	9	11	140	31FF	6	3	9073	11	0	2100	5	2090	10	2040	15	1600	20	1310	25	1290
7	3847	7434	66	9	12	140	31FF	5	3	9073	12	0	2200	5	2200	10	2080	15	1600	20	1450		
7	3847	7434	66	9	13	140	31FF	5	3	9073	13	0	2200	5	2200	10	2190	15	1510	20	1450		
7	3847	7434	66	9	14	140	31FF	5	3	9073	14	0	2190	5	2170	10	2160	15	1550	20	1460		
7	3847	7434	66	9	15	140	31FF	6	3	9073	15	0	2110	5	2110	10	2100	15	1750	20	1510	25	1500
7	3847	7434	66	9	16	140	31FF	6	3	9073	16	0	2000	5	2000	10	2000	15	2000	20	1990	25	1970
7	3847	7434	66	9	17	140	31FF	6	3	9073	17	0	2050	5	2060	10	2070	15	2070	20	2060	25	2050
7	3847	7434	66	9	18	140	31FF	6	3	9073	18	0	2030	5	2030	10	2040	15	2050	20	2050	25	2050
7	3847	7434	66	9	19	140	31FF	6	3	9073	19	0	2070	5	2080	10	2080	15	2060	20	2040	25	2030
7	3847	7434	66	9	21	140	31FF	6	3	9073	21	0	2000	5	2000	10	2000	15	2000	20	2000	25	2000
7	3847	7434	66	9	22	140	31FF	6	3	9073	22	0	2020	5	2020	10	2020	15	2010	20	2000	25	1940
7	3847	7434	66	9	23	140	31FF	5	3	9073	23	0	2000	5	2000	10	2000	15	2000	20	1950		
7	3847	7434	66	9	24	140	31FF	5	3	9073	24	0	2030	5	2030	10	2030	15	2010	20	1950		
7	3847	7434	66	9	25	140	31FF	6	3	9073	25	0	2050	5	2050	10	2040	15	1950	20	1830	25	1810
7	3847	7434	66	9	26	140	31FF	5	3	9073	26	0	2010	5	2010	10	2010	15	2010	20	1850		
7	3847	7434	66	9	27	140	31FF	6	3	9073	27	0	2000	5	2000	10	2000	15	2000	20	2000	25	1600
7	3847	7434	66	9	28	140	31FF	4	3	9073	28	0	1990	5	1990	10	1990	15	1980				
7	3847	7434	66	9	29	140	31FF	5	3	9073	29	0	1990	5	1990	10	1980	15	1930	20	1850		
7	3847	7434	66	9	30	140	31FF	4	3	9073	30	0	1910	5	1910	10	1910	15	1910				
7	3847	7434	66	10	2	140	31FF	6	3	9082	2	0	1880	5	1880	10	1880	15	1880	20	1840	25	1790
7	3847	7434	66	10	3	140	31FF	5	3	9082	3	0	1870	5	1870	10	1860	15	1850	20	1810		
7	3847	7434	66	10	4	140	31FF	4	3	9082	4	0	1870	5	1850	10	1850	15	1840				
7	3847	7434	66	10	5	140	31FF	5	3	9082	5	0	1900	5	1890	10	1830	15	1800	20	1760		
7	3847	7434	66	10	6	140	31FF	4	3	9082	6	0	1800	5	1800	10	1800	15	1800				
7	3847	7434	66	10	7	140	31FF	4	3	9082	7	0	1810	5	1810	10	1810	15	1800				
7	3847	7434	66	10	8	140	31FF	4	3	9082	8	0	1820	5	1810	10	1790	15	1750				
7	3847	7434	66	10	9	140	31FF	4	3	9082	9	0	1710	5	1710	10	1600	15	1570				
7	3847	7434	66	10	10	140	31FF	5	3	9082	10	0	1860	5	1850	10	1850	15	1660	20	1300		
7	3847	7434	66	10	11	137	31FF	5	3	9082	11	0	1720	5	1720	10	1720	15	1600	20	1440		
7	3847	7434	66	10	12	137	31FF	4	3	9082	12	0	1700	5	1700	10	1700	15	1650				
7	3847	7434	66	10	13	137	31FF	5	3	9082	13	0	1710	5	1710	10	1710	15	1690	20	1500		
7	3847	7434	66	10	14	137	31FF	5	3	9082	14	0	1710	5	1710	10	1710	15	1690	20	1400		
7	3847	7434	66	10	15	137	31FF	5	3	9082	15	0	1810	5	1810	10	1800	15	1700	20	1520		
7	3847	7434	66	10	17	137	31FF	4	3	9082	16	0	1660	5	1660	10	1660	15	1660				
7	3847	7434	66	10	18	137	31FF	4	3	9082	17	0	1700	5	1700	10	1700	15	1680				
7	3847	7434	66	10	19	137	31FF	4	3	9082	18	0	1700	5	1700	10	1700	15	1660				
7	3847	7434	66	10	20	137	31FF	4	3	9082	19	0	1520	5	1520	10	1520	15	1520				
7	3847	7434	66	10	21	137	31FF	6	3	9082	20	0	1480	5	1480	10	1470	15	1450	20	1390	25	1340
7	3847	7434	66	10	22	137	31FF	5	3	9082	21	0	1520	5	1510	10	1520	15	1530	20	1390		
7	3847	7434	66	10	23	137	31FF	4	3	9082	22	0	1560	5	1570	10	1580	15	1520				
7	3847	7434	66	10	24	137	31FF	4	3	9082	23	0	1560	5	1560	10	1560	15	1550				
7	3847	7434	66	10	25	137	31FF	4	3	9082	24	0	1520	5	1520	10	1520	15	1520				
7	3847	7434	66	10	26	137	31FF	4	3	9082	25	0	1530	5	1530	10	1530	15	1520				
7	3847	7434	66	10	27	137	31FF	4	3	9082	26	0	1520	5	1520	10	1520	15	1520				
7	3847	7434	66	10	28	140	31FF	6	3	9082	27	0	1530	5	1530	10	1540	15	1540	20	1540	25	1510
7	3847	7434	66	10	29	140	31FF	4	3	9082	28	0	1500	5	1500	10	1500	15	1500				
7	3847	7434	66	10	31	140	31FF	6	3	9082	29	0	1500	5	1500	10	1500	15	1500	20	1500	25	1500
7	3847	7434	66	11	1	150	31FF	6	3	9080	1	0	1310	5	1310	10	1320	15	1320	20	1320	25	1320
7	3847	7434	66	11	2	150	31FF	5	3	9080	2	0	1440	5	1440	10	1430	15	1440	20	1450		
7	3847	7434	66	11	4	150	31FF	6	3	9080	3	0	1300	5	1330	10	1340	15	1360	20	1330	25	1320
7	3847	7434	66	11	5	150	31FF	6	3	9080	4	0	1260	5	1250	10	1260	15	1210	20	1110	25	1030
7	3847	7434	66	11	7	150	31FF	5	3	9080	5	0	1360	5	1360	10	1370	15	1370	20	1360		
7	3847	7434	66	11	8	150	31FF	5	3	9080	6	0	1340	5	1350	10	1350	15	1350	20	1350		
7	3847	7434	66	11	9	150	31FF	5	3	9080	7	0	1370	5	1380	10	1370	15	1350	20	1340		
7	3847	7434	66	11	10	150	31FF	5	3	9080	8	0	1400	5	1400	10	1400	15	1340	20	1320		
7	3847	7434	66	11	11	150	31FF	5	3	9080	9	0	1420	5	1400	10	1370	15	1320	20	1310		
7	3847	7434	66	11	12	150	31FF	5	3	9080	10	0	1470	5	1430	10	1420	15	1380	20	1340		
7	3847	7434	66	11	14	150	31FF	6	3	9080	12	0	1300	5	1300	10	1310	15	1310	20	1310	25	1310
7	3847	7434	66	11	15	150	31FF	6	3	9080	13	0	1280	5	1280	10	1280	15	1280	20	1280	25	1280
7	3847	7434	66	11	16	150	31FF	6	3	9080	14	0	1240	5	1250	10	1260	15	1260	20	1270	25	1270
7	3847	7434	66	11	17	150	31FF	5	3	9080	15	0	1280	5	1280	10	1280	15	1280	20	1280		
7	3847	7434	66	11	18	150	31FF	6	3	9080	16	0	1280	5	1280	10	1290	15	1280	20	1280	25	1280
7	3847	7434	66	11	19	150	31FF	6	3	9080	17	0	1280	5	1280	10	1290	15	1300	20	1300	25	1310
7	3847	7434	66	11	20	150	31FF	5	3	9080	18	0	1170	5	1180	10	1180	15	1180	20	1180		
7	3847	7434	66	11	21	150	31FF	5	3	9080	19	0	1100	5	1120	10	1130	15	1130	20	1130		
7	3847	7434	66	11	22	150	31FF	5	3	9080	20	0	1120	5	1120	10	1120	15	1120	20	1120		
7	3847	7434	66	11	23	150	31FF	5	3	9080	21	0	1170	5	1180	10	1180	15	1180	20	1180		
7	3847	7434	66	11	24	150	31FF	6	3	9080	22	0	1170	5	1170	10	1170	15	1170	20	1180	25	1180
7	3847	7434	66	11	25	150	31FF	5	3	9080	23	0	1160	5	1170	10	1170	15	1170	20	1170		
7	3847	7434	66	11	26	150	31FF	6	3	9080	24	0	1180	5	1180	10	1180	15	1180	20	1190	25	1190
7	3847	7434	66	11	27	150	31FF	6	3	9080	25	0	1130	5	1120	10	1120	15	1130	20	1130	25	1120
7	3847	7434	66	11	29	150	31FF	5	3	9080	26	0	1000	5	1010	10	1020	15	1020	20	1020		
7	3847	7434	66	11	30	150	31FF	5	3	9080	27	0	1000	5	1010	10	1010	15	1010	20	1020		
7	3847	7434	66	12	6	150	31FF	5	3	9100	4	0	890	5	900	10	900	15	900	20	900		
7	3847	7434	66	12	7	150	31FF	5	3	9100	5	0	820	5	820	10	830	15	850	20	860		
7	3847	7434	66	12	16	150	31FF	6	3	9100	13	0	890	5	900	10	900	15	900	20	910	25	910
7	3847	7434	66	12	23	150	31FF	6	3	9100	20	0	590	5	590	10	590	15	600	20	600	25	600
7	3847	7434	66	12	27	150	31FF	5	3	9100	21	0	510	5	520	10	520	15	520	20	530		
7	3847	7434	67	1	1	150	31FF	6	3	9101	1	0	500	5	500	10	500	15	500	20	500	25	510
7	3847	7434	67	1	2	150	31FF	5	3	9101	2	0	520	5	530	10	530	15	560	20	570		
7	3847	7434	67	1	3	150	31FF	5	3	9101	3	0	550	5	540	10	550	15	550	20	550		
7	3847	7434	67	1	5	150	31FF	5	3	9101	5	0	490	5	490	10	490	15	500	20	500		
7	3847	7434	67	1	6	150	31FF	6	3	9101	6	0	400	5	400	10	400	15	410	20	420	25	420
7	3847	7434	67	1	7	150	31FF	5	3	9101	7	0	430	5	430	10	430	15	430	20	440		
7	3847	7434	67	1	8	150	31FF	5	3	9101	8	0	410	5	420	10	480	15	510	20	510		
7	3847	7434	67	1	9	150	31FF	5	3	9101	9	0	430	5	430	10	450	15	510	20	520		
7	3847	7434	67	1	10	150	31FF	5	3	9101	10	0	470	5	470	10	500	15	520	20	530		
7	3847	7434	67	1	11	150	31FF	6	3	9101	11	0	480	5	490	10	490	15	490	20	510	25	520
7	3847	7434	67	1	12	150	31FF	6	3	9101	12	0	420	5	430	10	460	15	500	20	500	25	500
7	3847	7434	67	1	13	150	31FF	5	3	9101	13	0	490	5	490	10	510	15	510	20	510		
7	3847	7434	67	1	14	150	31FF	5	3	9101	14	0	500	5	490	10	500	15	520	20	530		
7	3847	7434	67	1	15	150	31FF	5	3	9101	15	0	450	5	460	10	500	15	540	20	550		
7	3847	7434	67	1	16	150	31FF	6	3	9101	16	0	470	5	480	10	490	15	510	20	550	25	550
7	3847	7434	67	1	17	150	31FF	5	3	9101	17	0	460	5	470	10	480	15	500	20	540		
7	3847	7434	67	1	18	150	31FF	6	3	9101	18	0	500	5	500	10	500	15	500	20	500	25	500
7	3847	7434	67	1	19	150	31FF	5	3	9101	19	0	400	5	410	10	420	15	420	20	420		
7	3847	7434	67	1	20	150	31FF	5	3	9101	20	0	410	5	410	10	410	15	420	20	430		
7	3847	7434	67	1	21	150	31FF	5	3	9101	21	0	420	5	420	10	430	15	430	20	430		
7	3847	7434	67	1	22	150	31FF	5	3	9101	22	0	350	5	370	10	420	15	460	20	480		
7	3847	7434	67	1	23	150	31FF	5	3	9101	23	0	360	5	360	10	350	15	420	20	460		
7	3847	7434	67	1	24	150	31FF	5	3	9101	24	0	350	5	360	10	400	15	480	20	480		
7	3847	7434	67	1	25	150	31FF	5	3	9101	25	0	370	5	360	10	400	15	450	20	460		
7	3847	7434	67	1	26	150	31FF	4	3	9101	26	0	400	5	410	10	470	15	490				
7	3847	7434	67	1	27	150	31FF	5	3	9101	27	0	440	5	430	10	480	15	510	20	510		
7	3847	7434	67	1	30	150	31FF	5	3	9101	28	0	400	5	400	10	410	15	410	20	410		
7	3847	7434	67	1	31	150	31FF	6	3	9101	29	0	370	5	370	10	380	15	390	20	410	25	420
7	3847	7434	67	2	1	150	31FF	5	3	9102	1	0	490	5	490	10	500	15	510	20	510		
7	3847	7434	67	2	2	150	31FF	5	3	9102	2	0	490	5	490	10	500	15	510	20	510		
7	3847	7434	67	2	3	150	31FF	6	3	9102	3	0	480	5	480	10	490	15	500	20	500	25	500		
7	3847	7434	67	2	4	150	31FF	6	3	9102	4	0	470	5	470	10	470	15	470	20	470	25	470		
7	3847	7434	67	2	5	150	31FF	6	3	9102	5	0	470	5	480	10	480	15	480	20	480	25	480		
7	3847	7434	67	2	6	150	31FF	5	3	9102	6	0	490	5	490	10	490	15	490	20	490				
7	3847	7434	67	2	9	150	31FF	6	3	9102	7	0	360	5	360	10	370	15	380	20	390	25	390		
7	3847	7434	67	2	11	150	31FF	5	3	9102	8	0	160	5	180	10	180	15	180	20	190				
7	3847	7434	67	2	12	150	31FF	6	3	9102	9	0	400	5	400	10	410	15	410	20	410	25	410		
7	3847	7434	67	2	13	150	31FF	6	3	9102	10	0	430	5	430	10	430	15	440	20	440	25	440		
7	3847	7434	67	2	15	150	31FF	5	3	9102	11	0	400	5	420	10	440	15	480	20	490				
7	3847	7434	67	2	16	150	31FF	5	3	9102	12	0	460	5	480	10	470	15	470	20	460				
7	3847	7434	67	2	19	150	31FF	6	3	9102	15	0	400	5	400	10	400	15	400	20	400	25	400		
7	3847	7434	67	2	20	150	31FF	6	3	9102	16	0	390	5	390	10	390	15	400	20	400	25	410		
7	3847	7434	67	2	21	150	31FF	6	3	9102	17	0	390	5	400	10	400	15	430	20	440	25	440		
7	3847	7434	67	2	22	150	31FF	6	3	9102	18	0	400	5	400	10	400	15	410	20	420	25	430		
7	3847	7434	67	2	27	150	31FF	7	3	9102	22	0	310	5	320	10	310	15	310	20	310	25	310	30	310
7	3847	7434	67	3	4	150	31FF	5	3	9112	3	0	330	5	350	10	410	15	440	20	490				
7	3847	7434	67	3	5	150	31FF	5	3	9112	4	0	370	5	380	10	380	15	400	20	430		
7	3847	7434	67	3	6	150	31FF	5	3	9112	5	0	370	5	380	10	390	15	420	20	430		
7	3847	7434	67	3	7	150	31FF	4	3	9112	6	0	470	5	490	10	490	15	490				
7	3847	7434	67	3	8	150	31FF	5	3	9112	7	0	470	5	480	10	480	15	490	20	490		
7	3847	7434	67	3	9	150	31FF	5	3	9112	8	0	510	5	530	10	520	15	520	20	510		
7	3847	7434	67	3	10	150	31FF	5	3	9112	9	0	510	5	560	10	540	15	530	20	520		
7	3847	7434	67	3	11	150	31FF	5	3	9112	10	0	470	5	510	10	520	15	530	20	530		
7	3847	7434	67	3	12	150	31FF	5	3	9112	11	0	490	5	510	10	520	15	530	20	530		
7	3847	7434	67	3	13	150	31FF	5	3	9112	12	0	490	5	510	10	510	15	510	20	500		
7	3847	7434	67	3	14	150	31FF	5	3	9112	13	0	500	5	520	10	510	15	500	20	500		
7	3847	7434	67	3	15	150	31FF	5	3	9112	14	0	500	5	520	10	510	15	500	20	500		
7	3847	7434	67	3	17	150	31FF	5	3	9112	16	0	410	5	420	10	420	15	420	20	420		
7	3847	7434	67	3	18	147	31FF	6	3	9112	17	0	390	5	400	10	400	15	400	20	410	25	410
7	3847	7434	67	3	19	147	31FF	6	3	9112	18	0	370	5	370	10	370	15	370	20	370	25	370
7	3847	7434	67	3	20	150	31FF	6	3	9112	19	0	370	5	370	10	370	15	380	20	380	25	380
7	3847	7434	67	3	21	147	31FF	6	3	9112	20	0	370	5	380	10	400	15	410	20	410	25	410
7	3847	7434	67	3	22	147	31FF	6	3	9112	21	0	380	5	380	10	380	15	380	20	380	25	380
7	3847	7434	67	3	23	147	31FF	6	3	9112	22	0	370	5	360	10	360	15	370	20	380	25	380
7	3847	7434	67	3	25	147	31FF	6	3	9112	24	0	370	5	370	10	370	15	370	20	370	25	370
7	3847	7434	67	3	26	147	31FF	6	3	9112	25	0	410	5	400	10	390	15	390	20	390	25	380
7	3847	7434	67	3	27	147	31FF	6	3	9112	26	0	420	5	420	10	420	15	420	20	420	25	420
7	3847	7434	67	3	28	150	31FF	6	3	9112	27	0	460	5	430	10	430	15	440	20	450	25	450
7	3847	7434	67	3	29	147	31FF	6	3	9112	28	0	470	5	470	10	460	15	460	20	470	25	480
7	3847	7434	67	3	30	150	31FF	6	3	9112	29	0	500	5	490	10	480	15	480	20	490	25	490
7	3847	7434	67	3	31	150	31FF	6	3	9112	30	0	500	5	490	10	490	15	490	20	490	25	490
7	3847	7434	67	4	1	99*	31FF	6	3	9153	1	0	360	5	360	10	330	15	350	20	360	25	370
7	3847	7434	67	4	2	99*	31FF	5	3	9153	2	0	400	5	400	10	380	15	380	20	360		
7	3847	7434	67	4	4	99*	31FF	6	3	9153	4	0	420	5	420	10	420	15	420	20	410	25	390
7	3847	7434	67	4	5	99*	31FF	5	3	9153	5	0	450	5	450	10	450	15	420	20	400		
7	3847	7434	67	4	7	99*	31FF	5	3	9153	7	0	450	5	450	10	430	15	400	20	390		
7	3847	7434	67	4	8	99*	31FF	6	3	9153	8	0	460	5	440	10	440	15	440	20	440	25	450
7	3847	7434	67	4	10	99*	31FF	5	3	9153	10	0	510	5	510	10	520	15	530	20	520		
7	3847	7434	67	4	11	99*	31FF	5	3	9153	11	0	480	5	480	10	480	15	480	20	480				
7	3847	7434	67	4	13	99*	31FF	6	3	9153	13	0	500	5	500	10	500	15	500	20	500	25	500		
7	3847	7434	67	4	14	99*	31FF	6	3	9153	14	0	500	5	490	10	490	15	490	20	490	25	490		
7	3847	7434	67	4	15	99*	31FF	6	3	9153	15	0	560	5	530	10	510	15	500	20	500	25	500		
7	3847	7434	67	4	16	99*	31FF	5	3	9153	16	0	570	5	540	10	540	15	530	20	510				
7	3847	7434	67	4	17	99*	31FF	5	3	9153	17	0	530	5	530	10	530	15	530	20	530				
7	3847	7434	67	4	18	99*	31FF	5	3	9153	18	0	590	5	560	10	550	15	550	20	550				
7	3847	7434	67	4	19	99*	31FF	5	3	9153	19	0	570	5	570	10	570	15	570	20	570				
7	3847	7434	67	4	20	99*	31FF	5	3	9153	20	0	590	5	590	10	580	15	580	20	580				
7	3847	7434	67	4	21	99*	31FF	6	3	9153	21	0	600	5	600	10	590	15	580	20	580	25	540		
7	3847	7434	67	4	22	99*	31FF	5	3	9153	22	0	600	5	600	10	600	15	600	20	600				
7	3847	7434	67	4	23	99*	31FF	6	3	9153	23	0	600	5	600	10	600	15	600	20	580	25	570		
7	3847	7434	67	4	24	99*	31FF	6	3	9153	24	0	610	5	620	10	630	15	630	20	600	25	590		
7	3847	7434	67	4	25	99*	31FF	7	3	9153	25	0	620	5	620	10	620	15	620	20	620	25	620	30	630
7	3847	7434	67	4	26	99*	31FF	6	3	9153	26	0	650	5	650	10	640	15	640	20	640	25	640		
7	3847	7434	67	4	29	150	31FF	5	3	9153	29	0	680	5	670	10	670	15	670	20	680				
7	3847	7434	67	4	30	150	31FF	5	3	9153	30	0	680	5	680	10	670	15	670	20	670
7	3847	7434	67	5	3	140	31FF	5	3	9146	3	0	810	5	820	10	820	15	690	20	690
7	3847	7434	67	5	4	140	31FF	5	3	9146	4	0	830	5	820	10	820	15	750	20	700
7	3847	7434	67	5	5	140	31FF	5	3	9146	5	0	940	5	890	10	870	15	730	20	700
7	3847	7434	67	5	6	140	31FF	5	3	9146	6	0	950	5	950	10	920	15	730	20	710
7	3847	7434	67	5	8	140	31FF	5	3	9146	7	0	860	5	870	10	840	15	830	20	830
7	3847	7434	67	5	9	140	31FF	5	3	9146	8	0	910	5	910	10	870	15	800	20	790
7	3847	7434	67	5	10	140	31FF	5	3	9146	9	0	920	5	930	10	930	15	830	20	810
7	3847	7434	67	5	11	140	31FF	5	3	9146	10	0	920	5	920	10	910	15	820	20	820
7	3847	7434	67	5	12	140	31FF	5	3	9146	11	0	930	5	920	10	870	15	740	20	740
7	3847	7434	67	5	14	140	31FF	5	3	9146	13	0	1000	5	950	10	770	15	740	20	730
7	3847	7434	67	5	15	140	31FF	5	3	9146	14	0	980	5	1000	10	990	15	950	20	810
7	3847	7434	67	5	16	140	31FF	5	3	9146	15	0	990	5	990	10	990	15	780	20	750
7	3847	7434	67	5	17	140	31FF	5	3	9146	16	0	1110	5	1040	10	980	15	810	20	770
7	3847	7434	67	5	19	140	31FF	5	3	9146	18	0	1150	5	1160	10	810	15	780	20	760
7	3847	7434	67	5	20	140	31FF	5	3	9146	19	0	1130	5	1110	10	1080	15	780	20	730
7	3847	7434	67	5	21	140	31FF	5	3	9146	20	0	1150	5	1150	10	1120	15	1040	20	890		
7	3847	7434	67	5	22	140	31FF	5	3	9146	21	0	1100	5	1100	10	1100	15	1050	20	1010		
7	3847	7434	67	5	28	140	31FF	5	3	9146	23	0	1030	5	980	10	940	15	940	20	920		
7	3847	7434	67	5	29	140	31FF	5	3	9146	24	0	1030	5	970	10	930	15	930	20	910		
7	3847	7434	67	5	30	140	31FF	5	3	9146	25	0	1000	5	1000	10	1000	15	1000	20	990		
7	3847	7434	67	5	31	140	31FF	5	3	9146	26	0	1070	5	1080	10	1060	15	1010	20	1010		
7	3847	7434	67	6	1	140	31FF	5	3	9164	1	0	1270	5	1180	10	1140	15	1140	20	1140		
7	3847	7434	67	6	2	140	31FF	5	3	9164	2	0	1270	5	1220	10	1120	15	1090	20	1020		
7	3847	7434	67	6	3	140	31FF	5	3	9164	3	0	1320	5	1290	10	1170	15	1090	20	1080		
7	3847	7434	67	6	4	140	31FF	5	3	9164	4	0	1360	5	1350	10	1320	15	1250	20	1060		
7	3847	7434	67	6	10	140	31FF	6	3	9164	10	0	1550	5	1560	10	1100	15	900	20	880	25	870
7	3847	7434	67	6	11	140	31FF	6	3	9164	11	0	1700	5	1490	10	1250	15	920	20	880	25	880
7	3847	7434	67	6	12	140	31FF	6	3	9164	12	0	1760	5	1670	10	1580	15	1070	20	890	25	890
7	3847	7434	67	6	13	140	31FF	5	3	9164	13	0	1860	5	1770	10	1540	15	1020	20	990		
7	3847	7434	67	6	14	140	31FF	6	3	9164	14	0	1770	5	1760	10	1360	15	1090	20	1070	25	1050
7	3847	7434	67	6	15	140	31FF	6	3	9164	15	0	1670	5	1400	10	980	15	920	20	930	25	920
7	3847	7434	67	6	16	140	31FF	6	3	9164	16	0	1800	5	1710	10	1610	15	1020	20	930	25	940
7	3847	7434	67	6	17	140	31FF	5	3	9164	17	0	1900	5	1870	10	1500	15	1040	20	1030		
7	3847	7434	67	6	18	140	31FF	6	3	9164	18	0	1700	5	1690	10	1210	15	980	20	910	25	910
7	3847	7434	67	6	20	140	31FF	6	3	9164	20	0	1500	5	1490	10	1490	15	1480	20	1470	25	1470
7	3847	7434	67	6	21	140	31FF	5	3	9164	21	0	1700	5	1510	10	1510	15	1500	20	1490		
7	3847	7434	67	6	22	140	31FF	5	3	9164	22	0	1570	5	1560	10	1470	15	1400	20	1360		
7	3847	7434	67	6	23	140	31FF	5	3	9164	23	0	1600	5	1480	10	1340	15	1270	20	1230		
7	3847	7434	67	6	24	140	31FF	6	3	9164	24	0	1850	5	1740	10	1690	15	1620	20	1320	25	1230
7	3847	7434	67	6	25	140	31FF	6	3	9164	25	0	1800	5	1760	10	1510	15	1310	20	1140	25	1110
7	3847	7434	67	6	26	140	31FF	6	3	9164	26	0	1800	5	1800	10	1800	15	1530	20	1230	25	1210
7	3847	7434	67	6	27	140	31FF	6	3	9164	27	0	1800	5	1710	10	1620	15	1310	20	1220	25	1130
7	3847	7434	67	6	28	140	31FF	6	3	9164	28	0	1830	5	1700	10	1500	15	1290	20	1270	25	1240
7	3847	7434	67	6	29	140	31FF	5	3	9164	29	0	1860	5	1770	10	1610	15	1380	20	1310		
7	3847	7434	67	6	30	140	31FF	6	3	9164	30	0	1920	5	1880	10	1750	15	1360	20	1310	25	1300
7	3847	7434	67	7	1	140	31FF	6	3	9395	1	0	1890	5	1850	10	1700	15	1450	20	1310	25	1290
7	3847	7434	67	7	2	140	31FF	6	3	9395	2	0	1970	5	1910	10	1800	15	1410	20	1350	25	1300
7	3847	7434	67	7	3	140	31FF	6	3	9395	3	0	2000	5	1970	10	1920	15	1490	20	1340	25	1310
7	3847	7434	67	7	4	140	31FF	6	3	9395	4	0	2090	5	2020	10	1960	15	1400	20	1330	25	1210
7	3847	7434	67	7	5	140	31FF	6	3	9395	5	0	2000	5	1990	10	1950	15	1430	20	1380	25	1190
7	3847	7434	67	7	6	140	31FF	5	3	9395	6	0	2050	5	1990	10	1950	15	1730	20	1360		
7	3847	7434	67	7	7	140	31FF	5	3	9395	7	0	2030	5	2020	10	1980	15	1620	20	1320		
7	3847	7434	67	7	8	140	31FF	5	3	9395	8	0	2070	5	2070	10	2000	15	1650	20	1270		
7	3847	7434	67	7	9	140	31FF	6	3	9395	9	0	2100	5	2090	10	2000	15	1500	20	1240	25	1190
7	3847	7434	67	7	10	140	31FF	5	3	9395	10	0	2180	5	2150	10	2050	15	1450	20	1120		
7	3847	7434	67	7	11	140	31FF	4	3	9395	11	0	2150	5	2170	10	2050	15	1160				
7	3847	7434	67	7	12	140	31FF	5	3	9395	12	0	2200	5	2190	10	1950	15	1320	20	1200		
7	3847	7434	67	7	13	140	31FF	6	3	9395	13	0	2210	5	2180	10	1950	15	1300	20	1200	25	1150
7	3847	7434	67	7	14	140	31FF	6	3	9395	14	0	2190	5	2180	10	1920	15	1300	20	1220	25	1210
7	3847	7434	67	7	15	140	31FF	6	3	9395	15	0	2100	5	1930	10	1700	15	1200	20	1160	25	1080
7	3847	7434	67	7	16	140	31FF	6	3	9395	16	0	2090	5	2080	10	1500	15	1220	20	1100	25	1060
7	3847	7434	67	7	18	140	31FF	6	3	9395	18	0	2200	5	2140	10	1850	15	1180	20	1120	25	1110
7	3847	7434	67	7	19	140	31FF	6	3	9395	19	0	2220	5	2220	10	2050	15	1400	20	1200	25	1160
7	3847	7434	67	7	24	140	31FF	6	3	9395	24	0	2300	5	2290	10	1950	15	1210	20	1180	25	1120
7	3847	7434	67	7	27	140	31FF	6	3	9395	27	0	2240	5	2220	10	2000	15	1270	20	1180	25	1180
7	3847	7434	67	7	30	140	31FF	6	3	9395	30	0	2390	5	2380	10	2100	15	1260	20	1210	25	1190
7	3847	7434	67	7	31	140	31FF	6	3	9395	31	0	2400	5	2300	10	1450	15	1250	20	1230	25	1210
7	3847	7434	67	8	1	140	31FF	6	3	9203	1	0	2400	5	2400	10	2200	15	1410	20	1350	25	1300
7	3847	7434	67	8	2	140	31FF	6	3	9203	2	0	2500	5	2370	10	2150	15	1340	20	1270	25	1220
7	3847	7434	67	8	3	140	31FF	6	3	9203	3	0	2500	5	2460	10	2100	15	1540	20	1290	25	1280
7	3847	7434	67	8	4	140	31FF	6	3	9203	4	0	2390	5	2350	10	1650	15	1210	20	1130	25	1120
7	3847	7434	67	8	5	140	31FF	6	3	9203	5	0	2310	5	2310	10	2070	15	1240	20	1040	25	1020
7	3847	7434	67	8	6	140	31FF	6	3	9203	6	0	2480	5	2450	10	2400	15	1350	20	1120	25	1090
7	3847	7434	67	8	7	140	31FF	6	3	9203	7	0	2450	5	2440	10	2310	15	1480	20	1190	25	1130
7	3847	7434	67	8	8	140	31FF	6	3	9203	8	0	2480	5	2470	10	2380	15	1600	20	1200	25	1130
7	3847	7434	67	8	9	140	31FF	6	3	9203	9	0	2500	5	2490	10	2460	15	1420	20	1230	25	1160
7	3847	7434	67	8	10	140	31FF	6	3	9203	10	0	2250	5	2240	10	1450	15	1020	20	1010	25	1000
7	3847	7434	67	8	14	140	31FF	5	3	9203	11	0	2280	5	2250	10	2210	15	2100	20	1800		
7	3847	7434	67	8	15	99*	31FF	5	3	9203	12	0	2300	5	2300	10	2290	15	2050	20	1830		
7	3847	7434	67	8	17	140	31FF	5	3	9203	14	0	2190	5	2160	10	2120	15	2010	20	1620		
7	3847	7434	67	8	18	140	31FF	5	3	9203	15	0	2280	5	2280	10	2250	15	1850	20	1480		
7	3847	7434	67	8	19	140	31FF	5	3	9203	16	0	2270	5	2260	10	2220	15	1500	20	1290		
7	3847	7434	67	8	20	140	31FF	5	3	9203	17	0	2200	5	2190	10	2140	15	1300	20	1220		
7	3847	7434	67	8	22	140	31FF	5	3	9203	19	0	2240	5	2240	10	2150	15	1400	20	1200		
7	3847	7434	67	8	23	140	31FF	2	3	9203	20	0	2230	5	2240								
7	3847	7434	67	8	25	140	31FF	5	3	9203	21	0	2350	5	2340	10	2330	15	1850	20	1720		
7	3847	7434	67	8	26	140	31FF	6	3	9203	22	0	2250	5	2240	10	2200	15	1950	20	1640	25	1610
7	3847	7434	67	8	27	140	31FF	6	3	9203	23	0	2380	5	2350	10	2330	15	2150	20	1610	25	1520
7	3847	7434	67	8	31	140	31FF	6	3	9203	27	0	2450	5	2440	10	2390	15	1600	20	1330	25	1320
7	3847	7434	67	8	99	140	31FF	6	3	9203	18	0	2220	5	2200	10	2180	15	1500	20	1200	25	1130
7	3847	7434	67	9	1	140	31FF	5	3	9211	1	0	1830	5	1830	10	1830	15	1820	20	1820		
7	3847	7434	67	9	4	140	31FF	6	3	9211	4	0	2070	5	2060	10	2020	15	1900	20	1700	25	1600
7	3847	7434	67	9	6	140	31FF	5	3	9211	5	0	2110	5	2100	10	2070	15	2010	20	1850		
7	3847	7434	67	9	7	140	31FF	5	3	9211	6	0	2130	5	2120	10	2110	15	2020	20	1930		
7	3847	7434	67	9	8	140	31FF	5	3	9211	7	0	2140	5	2120	10	2110	15	1950	20	1710		
7	3847	7434	67	9	9	140	31FF	5	3	9211	8	0	2060	5	2060	10	2060	15	2060	20	2050				
7	3847	7434	67	9	10	140	31FF	5	3	9211	9	0	2060	5	2060	10	1900	15	1640	20	1450				
7	3847	7434	67	9	13	140	31FF	6	3	9211	10	0	1850	5	1840	10	1840	15	1830	20	1810	25	1810		
7	3847	7434	67	9	19	140	31FF	6	3	9211	14	0	1840	5	1830	10	1820	15	1750	20	1560	25	1540		
7	3847	7434	67	9	20	140	31FF	6	3	9211	15	0	2010	5	1910	10	1900	15	1880	20	1880	25	1880		
7	3847	7434	67	9	21	140	31FF	6	3	9211	16	0	2000	5	1990	10	1900	15	1890	20	1880	25	1880		
7	3847	7434	67	9	22	140	31FF	7	3	9211	17	0	1940	5	1930	10	1890	15	1810	20	1800	25	1800	30	1790
7	3847	7434	67	9	23	140	31FF	7	3	9211	18	0	1790	5	1790	10	1790	15	1790	20	1740	25	1700	30	1670
7	3847	7434	67	9	24	140	31FF	7	3	9211	19	0	1810	5	1810	10	1810	15	1810	20	1810	25	1760	30	1720
7	3847	7434	67	9	25	140	31FF	7	3	9211	20	0	1770	5	1770	10	1770	15	1740	20	1700	25	1680	30	1680
7	3847	7434	67	9	27	140	31FF	6	3	9211	21	0	1790	5	1770	10	1750	15	1660	20	1620	25	1610		
7	3847	7434	67	9	28	140	31FF	6	3	9211	22	0	1810	5	1810	10	1770	15	1610	20	1600	25	1540		
7	3847	7434	67	10	1	140	31FF	6	3	9233	1	0	1790	5	1790	10	1690	15	1560	20	1520	25	1510		
7	3847	7434	67	10	2	140	31FF	6	3	9233	2	0	1720	5	1720	10	1710	15	1670	20	1480	25	1440		
7	3847	7434	67	10	3	140	31FF	6	3	9233	3	0	1780	5	1770	10	1740	15	1710	20	1550	25	1500		
7	3847	7434	67	10	4	140	31FF	6	3	9233	4	0	1750	5	1720	10	1670	15	1480	20	1470	25	1450		
7	3847	7434	67	10	5	140	31FF	6	3	9233	5	0	1770	5	1760	10	1750	15	1590	20	1420	25	1420		
7	3847	7434	67	10	6	140	31FF	7	3	9233	6	0	1760	5	1760	10	1760	15	1660	20	1450	25	1420	30	1410
7	3847	7434	67	10	9	140	31FF	6	3	9233	9	0	1710	5	1710	10	1700	15	1700	20	1670	25	1630		
7	3847	7434	67	10	11	140	31FF	6	3	9233	11	0	1550	5	1550	10	1550	15	1550	20	1470	25	1460		
7	3847	7434	67	10	12	140	31FF	6	3	9233	12	0	1680	5	1680	10	1680	15	1680	20	1660	25	1620		
7	3847	7434	67	10	13	140	31FF	7	3	9233	13	0	1660	5	1660	10	1660	15	1650	20	1650	25	1630	30	1580
7	3847	7434	67	10	15	140	31FF	7	3	9233	15	0	1800	5	1790	10	1790	15	1790	20	1790	25	1790	30	1790
7	3847	7434	67	10	16	140	31FF	7	3	9233	16	0	1800	5	1800	10	1800	15	1800	20	1790	25	1790	30	1780
7	3847	7434	67	10	17	140	31FF	7	3	9233	17	0	1810	5	1800	10	1790	15	1770	20	1760	25	1750	30	1730
7	3847	7434	67	10	20	140	31FF	6	3	9233	19	0	1400	5	1400	10	1400	15	1370	20	1330	25	1320		
7	3847	7434	67	10	22	140	31FF	6	3	9233	21	0	1500	5	1500	10	1500	15	1500	20	1470	25	1410		
7	3847	7434	67	10	23	140	31FF	6	3	9233	22	0	1470	5	1470	10	1470	15	1460	20	1440	25	1420		
7	3847	7434	67	10	24	140	31FF	6	3	9233	23	0	1520	5	1510	10	1510	15	1510	20	1500	25	1470		
7	3847	7434	67	10	30	140	31FF	6	3	9233	29	0	1430	5	1430	10	1430	15	1430	20	1430	25	1430		
7	3847	7434	67	10	31	140	31FF	3	3	9233	30	0	1390	5	1390	10	1390								
7	3847	7434	67	11	2	150	31FF	6	3	9238	2	0	1500	5	1430	10	1430	15	1430	20	1430	25	1430		
7	3847	7434	67	11	3	150	31FF	8	3	9238	3	0	1540	5	1540	10	1540	15	1540	20	1540	25	1540	30	1390	35	1390
7	3847	7434	67	11	4	150	31FF	6	3	9238	4	0	1440	5	1440	10	1440	15	1440	20	1440	25	1430				
7	3847	7434	67	11	5	150	31FF	6	3	9238	5	0	1410	5	1410	10	1420	15	1420	20	1420	25	1420				
7	3847	7434	67	11	6	150	31FF	6	3	9238	6	0	1400	5	1400	10	1400	15	1400	20	1400	25	1400				
7	3847	7434	67	11	7	150	31FF	6	3	9238	7	0	1350	5	1350	10	1360	15	1360	20	1360	25	1360				
7	3847	7434	67	11	10	150	31FF	5	3	9238	8	0	1290	5	1290	10	1290	15	1290	20	1290						
7	3847	7434	67	11	11	150	31FF	6	3	9238	9	0	1290	5	1290	10	1290	15	1290	20	1290	25	1290				
7	3847	7434	67	11	12	150	31FF	5	3	9238	10	0	1270	5	1270	10	1280	15	1280	20	1290						
7	3847	7434	67	11	14	150	31FF	6	3	9238	11	0	1400	5	1400	10	1400	15	1410	20	1420	25	1420				
7	3847	7434	67	11	17	150	31FF	5	3	9238	13	0	1140	5	1140	10	1150	15	1150	20	1150						
7	3847	7434	67	11	18	150	31FF	5	3	9238	14	0	1100	5	1100	10	1110	15	1110	20	1110						
7	3847	7434	67	11	19	150	31FF	6	3	9238	15	0	1280	5	1290	10	1290	15	1290	20	1290	25	1290				
7	3847	7434	67	11	21	150	31FF	7	3	9238	17	0	1260	5	1270	10	1270	15	1270	20	1270	25	1270	30	1270		
7	3847	7434	67	11	22	150	31FF	7	3	9238	18	0	1220	5	1220	10	1220	15	1220	20	1220	25	1220	30	1220		
7	3847	7434	67	11	24	150	31FF	8	3	9238	19	0	980	5	990	10	990	15	1020	20	1020	25	1020	30	1020	35	1010
7	3847	7434	67	11	26	150	31FF	7	3	9238	20	0	980	5	950	10	970	15	1000	20	1020	25	1070	30	1060		
7	3847	7434	67	11	27	150	31FF	7	3	9238	21	0	1010	5	1020	10	1030	15	1080	20	1080	25	1080	30	1080
7	3847	7434	68	1	2	150	31FF	5	3	9269	1	0	510	5	510	10	510	15	510	20	510				
7	3847	7434	68	1	3	150	31FF	5	3	9269	2	0	500	5	500	10	500	15	500	20	500				
7	3847	7434	68	1	4	150	31FF	6	3	9269	3	0	500	5	490	10	490	15	490	20	490	25	490		
7	3847	7434	68	1	6	150	31FF	4	3	9269	4	0	410	5	410	10	410	15	420						
7	3847	7434	68	1	18	150	31FF	6	3	9269	6	0	440	5	440	10	450	15	460	20	460	25	460		
7	3847	7434	68	1	19	150	31FF	6	3	9269	7	0	460	5	460	10	460	15	460	20	460	25	450		
7	3847	7434	68	1	20	150	31FF	5	3	9269	8	0	440	5	450	10	460	15	470	20	470				
7	3847	7434	68	1	21	150	31FF	6	3	9269	9	0	490	5	490	10	490	15	490	20	490	25	490		
7	3847	7434	68	1	22	150	31FF	6	3	9269	10	0	550	5	460	10	460	15	470	20	470	25	470		
7	3847	7434	68	1	27	150	31FF	5	3	9269	11	0	360	5	360	10	370	15	390	20	390				
7	3847	7434	68	1	28	150	31FF	4	3	9269	12	0	410	5	410	10	410	15	410						
7	3847	7434	68	1	29	150	31FF	5	3	9269	13	0	410	5	410	10	410	15	410	20	410				
7	3847	7434	68	2	1	150	31FF	6	3	9276	1	0	330	5	330	10	320	15	320	20	330	25	330		
7	3847	7434	68	2	6	150	31FF	2	3	9276	6	0	400	5	400										
7	3847	7434	68	2	7	150	31FF	3	3	9276	7	0	400	5	400	10	400								
7	3847	7434	68	2	9	150	31FF	3	3	9276	8	0	370	5	370	10	380						
7	3847	7434	68	2	12	150	31FF	3	3	9276	9	0	320	5	310	10	310						
7	3847	7434	68	2	15	150	31FF	6	3	9276	10	0	400	5	270	10	300	15	300	20	310	25	360
7	3847	7434	68	2	28	150	31FF	3	3	9276	17	0	400	5	400	10	400						
7	3847	7434	68	2	29	150	31FF	3	3	9276	18	0	390	5	380	10	380						
7	3847	7434	68	3	2	150	31FF	3	3	9301	1	0	390	5	390	10	390						
7	3847	7434	68	3	5	150	31FF	3	3	9301	2	0	400	5	400	10	400						
7	3847	7434	68	3	6	150	31FF	3	3	9301	3	0	380	5	380	10	360						
7	3847	7434	68	3	8	150	31FF	3	3	9301	4	0	400	5	400	10	400						
7	3847	7434	68	3	9	150	31FF	4	3	9301	5	0	390	5	390	10	390	15	390				
7	3847	7434	68	3	11	150	31FF	3	3	9301	7	0	400	5	390	10	390						
7	3847	7434	68	3	20	150	31FF	6	3	9301	11	0	370	5	350	10	350	15	360	20	370	25	380
7	3847	7434	68	3	22	150	31FF	5	3	9301	13	0	420	5	410	10	400	15	390	20	390		
7	3847	7434	68	3	25	150	31FF	6	3	9301	14	0	490	5	480	10	470	15	460	20	460	25	460
7	3847	7434	68	3	27	150	31FF	4	3	9301	16	0	500	5	490	10	490	15	470				
7	3847	7434	68	3	28	150	31FF	3	3	9301	17	0	500	5	380	10	310						
7	3847	7434	68	3	31	150	31FF	3	3	9301	20	0	600	5	380	10	310						
7	3847	7434	68	4	2	150	31FF	4	3	9302	1	0	560	5	540	10	520	15	510				
7	3847	7434	68	4	3	150	31FF	6	3	9302	2	0	560	5	540	10	390	15	390	20	390	25	390
7	3847	7434	68	4	6	150	31FF	6	3	9302	6	0	590	5	590	10	580	15	540	20	490	25	450
7	3847	7434	68	4	7	150	31FF	6	3	9302	7	0	610	5	510	10	500	15	390	20	390	25	390
7	3847	7434	68	4	8	150	31FF	5	3	9302	8	0	670	5	670	10	590	15	500	20	490		
7	3847	7434	68	4	9	150	31FF	6	3	9302	9	0	650	5	630	10	620	15	500	20	490	25	490
7	3847	7434	68	4	10	150	31FF	5	3	9302	10	0	710	5	660	10	600	15	500	20	480		
7	3847	7434	68	4	11	150	31FF	5	3	9302	11	0	700	5	690	10	560	15	500	20	420		
7	3847	7434	68	4	12	150	31FF	5	3	9302	12	0	720	5	670	10	520	15	440	20	420		
7	3847	7434	68	4	13	150	31FF	5	3	9302	13	0	840	5	710	10	540	15	520	20	510		
7	3847	7434	68	4	14	150	31FF	6	3	9302	14	0	820	5	720	10	600	15	490	20	480	25	490
7	3847	7434	68	4	15	150	31FF	5	3	9302	15	0	850	5	820	10	730	15	530	20	520		
7	3847	7434	68	4	16	150	31FF	5	3	9302	16	0	830	5	830	10	830	15	820	20	730		
7	3847	7434	68	4	17	150	31FF	5	3	9302	17	0	790	5	790	10	760	15	620	20	610		
7	3847	7434	68	4	18	150	31FF	5	3	9302	18	0	770	5	750	10	720	15	690	20	620		
7	3847	7434	68	4	19	150	31FF	5	3	9302	19	0	840	5	830	10	740	15	670	20	640		
7	3847	7434	68	4	20	150	31FF	5	3	9302	20	0	850	5	830	10	750	15	690	20	600		
7	3847	7434	68	4	21	150	31FF	5	3	9302	21	0	900	5	900	10	880	15	720	20	690		
7	3847	7434	68	4	22	150	31FF	5	3	9302	22	0	880	5	880	10	880	15	740	20	680		
7	3847	7434	68	4	23	150	31FF	5	3	9302	23	0	850	5	840	10	840	15	830	20	790		
7	3847	7434	68	4	24	150	31FF	5	3	9302	24	0	860	5	840	10	840	15	830	20	830		
7	3847	7434	68	4	25	150	31FF	5	3	9302	25	0	840	5	820	10	810	15	800	20	790		
7	3847	7434	68	4	26	150	31FF	5	3	9302	26	0	900	5	840	10	800	15	790	20	790		
7	3847	7434	68	4	27	150	31FF	5	3	9302	27	0	930	5	900	10	840	15	790	20	780		
7	3847	7434	68	4	30	150	31FF	5	3	9302	30	0	1020	5	920	10	770	15	770	20	760		
7	3847	7434	68	5	2	140	31FF	3	3	9315	1	0	1070	5	1070	10	1040						
7	3847	7434	68	5	3	140	31FF	5	3	9315	2	0	1150	5	900	10	720	15	710	20	710		
7	3847	7434	68	5	4	140	31FF	4	3	9315	3	0	1200	5	1180	10	1100	15	810				
7	3847	7434	68	5	6	140	31FF	5	3	9315	4	0	1200	5	1010	10	980	15	850	20	810		
7	3847	7434	68	5	7	140	31FF	6	3	9315	5	0	1090	5	1000	10	990	15	870	20	820	25	810
7	3847	7434	68	5	8	140	31FF	5	3	9315	6	0	1120	5	1110	10	1100	15	1040	20	1010		
7	3847	7434	68	5	9	140	31FF	5	3	9315	7	0	1150	5	1150	10	1150	15	1150	20	1150		
7	3847	7434	68	5	11	140	31FF	5	3	9315	8	0	1350	5	1280	10	1180	15	1030	20	990		
7	3847	7434	68	5	14	140	31FF	4	3	9315	9	0	1170	5	1170	10	1140	15	1110				
7	3847	7434	68	5	15	140	31FF	5	3	9315	10	0	1160	5	950	10	890	15	890	20	890		
7	3847	7434	68	5	16	140	31FF	5	3	9315	11	0	1200	5	1050	10	880	15	870	20	870		
7	3847	7434	68	5	17	140	31FF	2	3	9315	12	0	1200	5	1170								
7	3847	7434	68	5	18	140	31FF	5	3	9315	13	0	1270	5	1220	10	890	15	880	20	860		
7	3847	7434	68	5	21	140	31FF	5	3	9315	15	0	1220	5	1210	10	1190	15	880	20	860		
7	3847	7434	68	5	22	140	31FF	5	3	9315	16	0	1300	5	1230	10	1220	15	1150	20	940		
7	3847	7434	68	5	23	140	31FF	5	3	9315	17	0	1300	5	1300	10	1300	15	1290	20	1220		
7	3847	7434	68	5	24	140	31FF	3	3	9315	18	0	1300	5	1290	10	1290						
7	3847	7434	68	5	25	140	31FF	5	3	9315	19	0	1380	5	1350	10	1310	15	1210	20	1100		
7	3847	7434	68	5	26	140	31FF	6	3	9315	20	0	1490	5	1420	10	1350	15	1160	20	1110	25	1080
7	3847	7434	68	6	4	140	31FF	5	3	9331	3	0	1430	5	1390	10	1250	15	1180	20	1170		
7	3847	7434	68	6	5	140	31FF	5	3	9331	4	0	1410	5	1410	10	1300	15	1090	20	1090		
7	3847	7434	68	6	7	140	31FF	5	3	9331	6	0	1370	5	1370	10	1210	15	1030	20	1020		
7	3847	7434	68	6	8	140	31FF	5	3	9331	7	0	1770	5	1630	10	1280	15	1060	20	1030		
7	3847	7434	68	6	9	140	31FF	5	3	9331	8	0	1650	5	1580	10	1200	15	1050	20	1020		
7	3847	7434	68	6	12	140	31FF	5	3	9331	11	0	1690	5	1560	10	1100	15	1070	20	1070		
7	3847	7434	68	6	13	140	31FF	5	3	9331	12	0	1880	5	1700	10	1670	15	1290	20	1150		
7	3847	7434	68	6	14	140	31FF	6	3	9331	13	0	1670	5	1650	10	1650	15	1240	20	1230	25	1220
7	3847	7434	68	6	16	140	31FF	3	3	9331	15	0	1810	5	1500	10	1230						
7	3847	7434	68	6	17	140	31FF	3	3	9331	16	0	1800	5	1750	10	1510						
7	3847	7434	68	6	18	140	31FF	5	3	9331	17	0	1870	5	1840	10	1280	15	1270	20	1260		
7	3847	7434	68	6	19	140	31FF	5	3	9331	18	0	1960	5	1880	10	1320	15	1260	20	1250		
7	3847	7434	68	6	20	140	31FF	6	3	9331	19	0	1850	5	1830	10	1600	15	1190	20	1190	25	1190
7	3847	7434	68	6	21	140	31FF	5	3	9331	20	0	1900	5	1900	10	1800	15	1560	20	1230		
7	3847	7434	68	6	22	140	31FF	5	3	9331	21	0	1920	5	1910	10	1450	15	1180	20	1170		
7	3847	7434	68	6	24	140	31FF	5	3	9331	23	0	1990	5	1980	10	1650	15	1120	20	1120		
7	3847	7434	68	6	25	140	31FF	4	3	9331	24	0	2010	5	1950	10	1760	15	1140				
7	3847	7434	68	6	30	140	31FF	5	3	9331	25	0	2150	5	2120	10	1700	15	1490	20	1490		
7	3847	7434	68	7	1	140	31FF	5	3	9333	1	0	2050	5	2030	10	2000	15	1890	20	1220		
7	3847	7434	68	7	3	140	31FF	5	3	9333	3	0	2150	5	2040	10	1720	15	1220	20	1200		
7	3847	7434	68	7	4	140	31FF	5	3	9333	4	0	2180	5	2000	10	1650	15	1270	20	1260		
7	3847	7434	68	7	5	140	31FF	6	3	9333	5	0	2150	5	2100	10	1490	15	1320	20	1310	25	1290
7	3847	7434	68	7	6	140	31FF	5	3	9333	6	0	2130	5	1910	10	1690	15	1400	20	1290		
7	3847	7434	68	7	7	140	31FF	3	3	9333	7	0	2120	5	2070	10	1800						
7	3847	7434	68	7	8	140	31FF	3	3	9333	8	0	2180	5	2110	10	1600						
7	3847	7434	68	7	12	140	31FF	5	3	9333	10	0	2190	5	2090	10	1790	15	1310	20	1280		
7	3847	7434	68	7	13	140	31FF	5	3	9333	11	0	2200	5	2170	10	2100	15	1270	20	1210		
7	3847	7434	68	7	14	140	31FF	5	3	9333	12	0	2300	5	2220	10	2110	15	1420	20	1140		
7	3847	7434	68	7	15	140	31FF	5	3	9333	13	0	2320	5	2270	10	2100	15	1330	20	1200		
7	3847	7434	68	7	19	140	31FF	4	3	9333	17	0	2490	5	2210	10	2130	15	1200				
7	3847	7434	68	7	20	140	31FF	5	3	9333	18	0	2300	5	2280	10	2170	15	1770	20	1180		
7	3847	7434	68	7	21	140	31FF	4	3	9333	19	0	2310	5	2310	10	2020	15	1290				
7	3847	7434	68	7	22	140	31FF	4	3	9333	20	0	2290	5	2290	10	2230	15	1280				
7	3847	7434	68	7	23	140	31FF	4	3	9333	21	0	2320	5	2310	10	2300	15	1500				
7	3847	7434	68	7	24	140	31FF	3	3	9333	22	0	2450	5	2430	10	2420						
7	3847	7434	68	7	25	140	31FF	4	3	9333	23	0	2550	5	2470	10	2290	15	1500				
7	3847	7434	68	7	26	140	31FF	4	3	9333	24	0	2500	5	2500	10	2510	15	1700				
7	3847	7434	68	7	27	140	31FF	4	3	9333	25	0	2440	5	2440	10	2440	15	1350				
7	3847	7434	68	7	28	140	31FF	5	3	9333	26	0	2380	5	2380	10	2370	15	1310	20	1010		
7	3847	7434	68	7	30	140	31FF	5	3	9333	28	0	2500	5	2390	10	2390	15	1900	20	1040		
7	3847	7434	68	7	99	140	31FF	3	3	9333	27	0	2380	5	2290	10	2110						
7	3847	7434	68	8	5	140	31FF	4	3	9344	3	0	2250	5	2000	10	1450	15	1220				
7	3847	7434	68	8	7	140	31FF	6	3	9344	4	0	2350	5	2250	10	1700	15	1120	20	1090	25	1050
7	3847	7434	68	8	8	140	31FF	5	3	9344	5	0	2330	5	2200	10	1920	15	1430	20	1060		
7	3847	7434	68	8	10	140	31FF	5	3	9344	6	0	2330	5	2310	10	1600	15	910	20	900		
7	3847	7434	68	8	12	140	31FF	6	3	9344	7	0	2390	5	2370	10	2250	15	1800	20	1160	25	1120
7	3847	7434	68	8	13	140	31FF	6	3	9344	8	0	2330	5	2290	10	2220	15	1950	20	1100	25	1040
7	3847	7434	68	8	14	140	31FF	4	3	9344	9	0	2390	5	2390	10	1950	15	1040				
7	3847	7434	68	8	19	140	31FF	5	3	9344	12	0	2370	5	2350	10	2250	15	1160	20	1120		
7	3847	7434	68	8	21	140	31FF	6	3	9344	13	0	2520	5	2430	10	2410	15	1700	20	1040	25	1010
7	3847	7434	68	8	24	140	31FF	6	3	9344	15	0	2500	5	2490	10	2450	15	1800	20	1280	25	1280
7	3847	7434	68	9	2	140	31FF	3	3	9359	2	0	2300	5	2300	10	2230						
7	3847	7434	68	9	3	140	31FF	5	3	9359	3	0	2310	5	2290	10	2230	15	2070	20	1670		
7	3847	7434	68	9	4	140	31FF	5	3	9359	4	0	2310	5	2300	10	2290	15	2230	20	1730		
7	3847	7434	68	9	5	140	31FF	5	3	9359	5	0	2450	5	2310	10	2280	15	2240	20	1680		
7	3847	7434	68	9	6	140	31FF	4	3	9359	6	0	2190	5	2180	10	2160	15	1560				
7	3847	7434	68	9	7	140	31FF	6	3	9359	7	0	2140	5	2130	10	2040	15	1440	20	1320	25	1280
7	3847	7434	68	9	8	140	31FF	5	3	9359	8	0	2180	5	2160	10	2100	15	1850	20	1650		
7	3847	7434	68	9	9	140	31FF	5	3	9359	9	0	2200	5	2200	10	2020	15	1800	20	1390		
7	3847	7434	68	9	20	140	31FF	6	3	9359	15	0	2220	5	2220	10	2210	15	2190	20	2080	25	1860
7	3847	7434	68	9	24	140	31FF	6	3	9359	19	0	2300	5	2230	10	2220	15	2160	20	1970	25	1740
7	3847	7434	68	9	25	140	31FF	5	3	9359	20	0	2200	5	2110	10	2110	15	1970	20	1800		
7	3847	7434	68	9	26	140	31FF	5	3	9359	21	0	2130	5	2110	10	1920	15	1570	20	1490		
7	3847	7434	68	9	28	140	31FF	5	3	9359	22	0	2020	5	2030	10	2030	15	1930	20	1500		
7	3847	7434	68	10	9	140	31FF	6	3	9376	9	0	1710	5	1700	10	1700	15	1700	20	1620	25	1490
7	3847	7434	68	10	10	140	31FF	6	3	9376	10	0	1780	5	1780	10	1780	15	1780	20	1700	25	1640
7	3847	7434	68	10	11	140	31FF	6	3	9376	11	0	1710	5	1620	10	1620	15	1600	20	1510	25	1450
7	3847	7434	68	10	12	140	31FF	6	3	9376	12	0	1770	5	1770	10	1720	15	1690	20	1570	25	1540		
7	3847	7434	68	10	13	140	31FF	6	3	9376	13	0	1920	5	1790	10	1790	15	1600	20	1490	25	1480		
7	3847	7434	68	10	14	140	31FF	5	3	9376	14	0	1800	5	1800	10	1810	15	1700	20	1490				
7	3847	7434	68	10	15	140	31FF	6	3	9376	15	0	1880	5	1770	10	1740	15	1570	20	1530	25	1510		
7	3847	7434	68	10	16	140	31FF	4	3	9376	16	0	1900	5	1830	10	1830	15	1590						
7	3847	7434	68	10	17	140	31FF	5	3	9376	17	0	1890	5	1890	10	1910	15	1830	20	1720				
7	3847	7434	68	10	18	140	31FF	5	3	9376	18	0	1880	5	1820	10	1820	15	1830	20	1800				
7	3847	7434	68	10	22	140	31FF	6	3	9376	19	0	1790	5	1790	10	1790	15	1790	20	1760	25	1710		
7	3847	7434	68	10	23	140	31FF	6	3	9376	20	0	1740	5	1700	10	1700	15	1450	20	1370	25	1330		
7	3847	7434	68	10	24	140	31FF	4	3	9376	21	0	1600	5	1710	10	1710	15	1710						
7	3847	7434	68	10	25	140	31FF	4	3	9376	22	0	1700	5	1720	10	1730	15	1710						
7	3847	7434	68	10	31	150	31FF	6	3	9376	26	0	1390	5	1390	10	1390	15	1390	20	1390	25	1390		
7	3847	7434	68	11	1	150	31FF	7	3	9386	1	0	1400	5	1390	10	1390	15	1390	20	1360	25	1340	30	1320
7	3847	7434	68	11	2	155	31FF	6	3	9386	2	0	1600	5	1410	10	1390	15	1380	20	1340	25	1340		
7	3847	7434	68	11	3	150	31FF	6	3	9386	3	0	1500	5	1410	10	1390	15	1390	20	1350	25	1340		
7	3847	7434	68	11	4	150	31FF	6	3	9386	4	0	1400	5	1400	10	1390	15	1380	20	1360	25	1360		
7	3847	7434	68	11	6	150	31FF	6	3	9386	6	0	1360	5	1360	10	1360	15	1370	20	1370	25	1370
7	3847	7434	68	11	9	150	31FF	5	3	9386	7	0	1320	5	1330	10	1330	15	1330	20	1330		
7	3847	7434	68	11	15	150	31FF	5	3	9386	9	0	1450	5	1440	10	1440	15	1430	20	1410		
7	3847	7434	68	11	18	150	31FF	4	3	9386	10	0	1200	5	1200	10	1200	15	1200				
7	3847	7434	68	11	21	150	31FF	5	3	9386	11	0	1150	5	1140	10	1140	15	1140	20	1160		
7	3847	7434	68	11	27	150	31FF	3	3	9386	16	0	1130	5	1130	10	1130						
7	3847	7434	68	12	11	150	31FF	5	3	9398	1	0	980	5	980	10	990	15	990	20	990		
7	3847	7434	68	12	12	150	31FF	5	3	9398	2	0	910	5	910	10	930	15	940	20	940		
7	3847	7434	68	12	13	150	31FF	4	3	9398	3	0	960	5	970	10	970	15	960				
7	3847	7434	68	12	14	150	31FF	3	3	9398	4	0	1000	5	1010	10	1010						
7	3847	7434	68	12	19	150	31FF	4	3	9398	5	0	940	5	980	10	990	15	1030				
7	3847	7434	68	12	20	150	31FF	4	3	9398	6	0	910	5	990	10	1010	15	1030				
7	3847	7434	68	12	22	150	31FF	5	3	9398	7	0	920	5	920	10	920	15	920	20	920		
7	3847	7434	68	12	23	150	31FF	4	3	9398	8	0	950	5	980	10	980	15	980				
7	3847	7434	68	12	26	150	31FF	6	3	9398	9	0	730	5	810	10	830	15	870	20	880	25	880
7	3847	7434	68	12	27	150	31FF	5	3	9398	10	0	680	5	750	10	880	15	890	20	910		
7	3847	7434	68	12	30	150	31FF	4	3	9398	11	0	810	5	820	10	830	15	880		
7	3847	7434	68	12	31	150	31FF	4	3	9398	12	0	740	5	760	10	780	15	820		
7	3847	7434	69	1	16	150	31FF	3	3	9410	16	0	580	5	530	10	530				
7	3847	7434	69	1	25	150	31FF	5	3	9410	20	0	70	5	80	10	80	15	80	20	80
7	3847	7434	69	1	29	150	31FF	4	3	9410	24	0	300	5	300	10	310	15	320		
7	3847	7434	69	1	30	150	31FF	4	3	9410	25	0	270	5	270	10	260	15	290		
7	3847	7434	69	1	31	150	31FF	5	3	9410	26	0	290	5	300	10	330	15	360	20	360
7	3847	7434	69	2	1	160	31FF	4	3	9429	1	0	300	5	300	10	300	15	350		
7	3847	7434	69	2	2	150	31FF	5	3	9429	2	0	290	5	290	10	320	15	330	20	350
7	3847	7434	69	2	6	150	31FF	5	3	9429	3	0	380	5	400	10	410	15	410	20	410
7	3847	7434	69	2	12	150	31FF	5	3	9429	6	0	200	5	220	10	230	15	250	20	290
7	3847	7434	69	2	16	150	31FF	5	3	9429	7	0	240	5	240	10	240	15	240	20	240
7	3847	7434	69	2	99	150	31FF	5	3	9429	4	0	270	5	280	10	290	15	290	20	290
7	3847	7434	69	2	99	147	31FF	5	3	9429	5	0	210	5	220	10	220	15	220	20	220
7	3847	7434	69	3	6	150	31FF	3	3	9431	3	0	230	5	240	10	280				
7	3847	7434	69	3	8	150	31FF	5	3	9431	4	0	250	5	250	10	270	15	320	20	320
7	3847	7434	69	3	9	150	31FF	5	3	9431	5	0	340	5	340	10	340	15	340	20	340		
7	3847	7434	69	3	10	150	31FF	6	3	9431	6	0	310	5	310	10	310	15	320	20	320	25	320
7	3847	7434	69	3	11	150	31FF	6	3	9431	7	0	250	5	250	10	260	15	290	20	300	25	360
7	3847	7434	69	3	13	150	31FF	6	3	9431	8	0	170	5	140	10	170	15	190	20	220	25	280
7	3847	7434	69	3	15	150	31FF	6	3	9431	9	0	220	5	220	10	220	15	210	20	210	25	210
7	3847	7434	69	3	16	190	31FF	6	3	9431	10	0	400	5	270	10	260	15	280	20	290	25	290
7	3847	7434	69	3	18	150	31FF	6	3	9431	12	0	340	5	340	10	330	15	320	20	320	25	320
7	3847	7434	69	3	21	150	31FF	6	3	9431	13	0	370	5	380	10	380	15	370	20	350	25	340
7	3847	7434	69	3	24	150	31FF	6	3	9431	14	0	430	5	380	10	390	15	360	20	350	25	360
7	3847	7434	69	3	25	150	31FF	6	3	9431	15	0	400	5	400	10	410	15	410	20	410	25	410
7	3847	7434	69	3	26	150	31FF	6	3	9431	16	0	410	5	410	10	400	15	400	20	400	25	400
7	3847	7434	69	3	27	150	31FF	6	3	9431	17	0	430	5	430	10	400	15	390	20	380	25	380
7	3847	7434	69	3	28	150	31FF	4	3	9431	18	0	430	5	430	10	420	15	410				
7	3847	7434	69	3	29	150	31FF	5	3	9431	19	0	480	5	480	10	480	15	410	20	410		
7	3847	7434	69	3	30	150	31FF	6	3	9431	20	0	490	5	490	10	490	15	480	20	440	25	430
7	3847	7434	69	3	31	150	31FF	6	3	9431	21	0	450	5	490	10	480	15	470	20	450	25	440
7	3847	7434	69	3	99	180	31FF	6	3	9431	11	0	300	5	300	10	290	15	290	20	290	25	290
7	3847	7434	69	4	1	150	31FF	6	3	9437	1	0	400	5	400	10	390	15	390	20	390	25	370
7	3847	7434	69	4	3	150	31FF	6	3	9437	2	0	450	5	450	10	440	15	440	20	430	25	430
7	3847	7434	69	4	4	150	31FF	6	3	9437	3	0	630	5	470	10	460	15	450	20	450	25	440
7	3847	7434	69	4	5	150	31FF	6	3	9437	4	0	1070	5	530	10	490	15	480	20	480	25	450
7	3847	7434	69	4	6	160	31FF	6	3	9437	5	0	470	5	470	10	470	15	470	20	470	25	470
7	3847	7434	69	4	7	150	31FF	6	3	9437	6	0	490	5	490	10	470	15	470	20	470	25	470
7	3847	7434	69	4	10	150	31FF	5	3	9437	8	0	580	5	570	10	550	15	530	20	490		
7	3847	7434	69	4	11	150	31FF	4	3	9437	9	0	660	5	600	10	540	15	530				
7	3847	7434	69	4	13	150	31FF	5	3	9437	10	0	650	5	640	10	640	15	640	20	640		
7	3847	7434	69	4	14	150	31FF	4	3	9437	11	0	650	5	650	10	650	15	640				
7	3847	7434	69	4	15	155	31FF	4	3	9437	12	0	660	5	640	10	630	15	620				
7	3847	7434	69	4	16	150	31FF	4	3	9437	13	0	670	5	640	10	630	15	630				
7	3847	7434	69	4	21	150	31FF	5	3	9437	15	0	900	5	900	10	900	15	900	20	900		
7	3847	7434	69	4	23	152	31FF	4	3	9437	16	0	980	5	930	10	910	15	910				
7	3847	7434	69	4	25	152	31FF	4	3	9437	17	0	1020	5	990	10	920	15	920				
7	3847	7434	69	4	26	142	31FF	4	3	9437	18	0	860	5	760	10	680	15	670		
7	3847	7434	69	4	27	142	31FF	4	3	9437	19	0	950	5	950	10	950	15	950		
7	3847	7434	69	4	99	153	31FF	4	3	9437	14	0	680	5	640	10	630	15	630		
7	3847	7434	69	5	1	140	31FF	5	3	9459	1	0	850	5	820	10	800	15	740	20	730
7	3847	7434	69	5	7	138	31FF	4	3	9459	2	0	1010	5	860	10	750	15	730		
7	3847	7434	69	5	10	141	31FF	4	3	9459	3	0	900	5	870	10	710	15	690		
7	3847	7434	69	5	12	140	31FF	4	3	9459	5	0	1020	5	1010	10	920	15	740		
7	3847	7434	69	5	13	127	31FF	3	3	9459	6	0	1020	5	1030	10	1080				
7	3847	7434	69	5	14	140	31FF	4	3	9459	7	0	1110	5	1010	10	900	15	720		
7	3847	7434	69	5	15	140	31FF	4	3	9459	8	0	1110	5	1100	10	1090	15	820		
7	3847	7434	69	5	16	140	31FF	4	3	9459	9	0	1150	5	1090	10	790	15	740		
7	3847	7434	69	5	17	140	31FF	5	3	9459	10	0	1100	5	810	10	720	15	720	20	710
7	3847	7434	69	5	18	140	31FF	5	3	9459	11	0	1100	5	950	10	730	15	660	20	650
7	3847	7434	69	5	19	140	31FF	5	3	9459	12	0	1270	5	1080	10	790	15	680	20	680
7	3847	7434	69	5	31	140	31FF	4	3	9459	15	0	1220	5	1230	10	1040	15	1000		
7	3847	7434	69	5	99	141	31FF	4	3	9459	4	0	880	5	840	10	720	15	660		
7	3847	7434	69	6	3	140	31FF	2	3	9467	3	0	1400	5	1070								
7	3847	7434	69	6	4	140	31FF	4	3	9467	4	0	1420	5	1290	10	1050	15	970				
7	3847	7434	69	6	5	140	31FF	4	3	9467	5	0	1530	5	1270	10	1020	15	950				
7	3847	7434	69	6	6	140	31FF	3	3	9467	6	0	1620	5	1400	10	1030						
7	3847	7434	69	6	7	140	31FF	4	3	9467	7	0	1630	5	1350	10	1060	15	1020				
7	3847	7434	69	6	10	140	31FF	5	3	9467	10	0	1620	5	1530	10	1390	15	1170	20	1120		
7	3847	7434	69	9	3	140	31FF	6	3	9499	2	0	2380	5	2390	10	2400	15	1340	20	1290	25	1200
7	3847	7434	69	9	4	135	31FF	6	3	9499	3	0	2400	5	2390	10	2200	15	1490	20	1360	25	1340
7	3847	7434	69	9	10	140	31FF	6	3	9499	8	0	2430	5	2430	10	2430	15	2050	20	1470	25	1440
7	3847	7434	69	9	11	140	31FF	6	3	9499	9	0	2450	5	2440	10	2430	15	2420	20	1960	25	1510
7	3847	7434	69	9	12	140	31FF	6	3	9499	10	0	2430	5	2430	10	2420	15	2410	20	1590	25	1550
7	3847	7434	69	9	13	140	31FF	6	3	9499	11	0	2400	5	2400	10	2400	15	2370	20	1590	25	1480
7	3847	7434	69	9	14	140	31FF	6	3	9499	12	0	2400	5	2400	10	2400	15	1840	20	1410	25	1400
7	3847	7434	69	9	15	140	31FF	6	3	9499	13	0	2420	5	2420	10	2410	15	2300	20	1630	25	1560
7	3847	7434	69	9	16	140	31FF	6	3	9499	14	0	2310	5	2370	10	2210	15	1540	20	1430	25	1410
7	3847	7434	69	9	17	140	31FF	6	3	9499	15	0	2330	5	2310	10	2370	15	1420	20	1240	25	1210
7	3847	7434	69	9	27	140	31FF	6	3	9499	18	0	2040	5	2040	10	2040	15	2030	20	2030	25	2030		
7	3847	7434	69	9	30	120	31FF	6	3	9499	19	0	2010	5	2010	10	2010	15	2010	20	2010	25	1990		
7	3847	7434	69	10	1	140	31FF	6	3	27048	1	0	1760	5	1750	10	1740	15	1730	20	1730	25	1730		
7	3847	7434	69	10	6	140	31FF	6	3	27048	6	0	1720	5	1730	10	1740	15	1740	20	1740	25	1740		
7	3847	7434	69	10	8	140	31FF	5	3	27048	8	0	1750	5	1750	10	1750	15	1740	20	1730				
7	3847	7434	69	10	9	140	31FF	6	3	27048	9	0	1740	5	1740	10	1740	15	1730	20	1720	25	1720		
7	3847	7434	69	10	10	140	31FF	6	3	27048	10	0	1720	5	1720	10	1720	15	1720	20	1710	25	1710		
7	3847	7434	69	10	14	140	31FF	6	3	27048	11	0	1700	5	1680	10	1680	15	1680	20	1680	25	1680		
7	3847	7434	69	10	16	140	31FF	6	3	27048	13	0	1650	5	1650	10	1640	15	1640	20	1640	25	1640		
7	3847	7434	69	10	18	140	31FF	6	3	27048	15	0	1590	5	1590	10	1590	15	1590	20	1580	25	1580		
7	3847	7434	69	10	24	140	31FF	6	3	27048	19	0	1400	5	1410	10	1410	15	1410	20	1410	25	1410		
7	3847	7434	69	10	25	140	31FF	6	3	27048	20	0	1410	5	1410	10	1410	15	1410	20	1410	25	1410		
7	3847	7434	69	10	26	140	31FF	5	3	27048	21	0	1420	5	1410	10	1410	15	1410	20	1410				
7	3847	7434	69	10	27	140	31FF	6	3	27048	22	0	1420	5	1410	10	1410	15	1410	20	1410	25	1410		
7	3847	7434	69	10	30	140	31FF	7	3	27048	25	0	1490	5	1500	10	1500	15	1500	20	1510	25	1510	30	1520
7	3847	7434	69	10	31	140	31FF	7	3	27048	26	0	1510	5	1500	10	1500	15	1500	20	1490	25	1500	30	1510
7	3847	7434	69	12	1	150	31FF	6	3	27030	1	0	1130	5	1160	10	1160	15	1160	20	1160	25	1160		
7	3847	7434	69	12	7	150	31FF	6	3	27030	2	0	980	5	980	10	980	15	980	20	980	25	980		
7	3847	7434	69	12	9	150	31FF	6	3	27030	3	0	1000	5	1000	10	1000	15	1000	20	1000	25	1000		
7	3847	7434	69	12	10	150	31FF	6	3	27030	4	0	940	5	950	10	950	15	960	20	960	25	960		
7	3847	7434	69	12	18	150	31FF	6	3	27030	5	0	710	5	710	10	710	15	710	20	710	25	710		
7	3847	7434	69	12	30	150	31FF	7	3	27030	6	0	390	5	390	10	440	15	560	20	570	25	580	30	580
7	3847	7434	69	12	31	150	31FF	7	3	27030	7	0	390	5	390	10	390	15	420	20	430	25	490	30	490
7	3847	7434	70	1	1	150	31FF	7	3	27027	1	0	580	5	580	10	580	15	580	20	580	25	580	30	600
7	3847	7434	70	1	2	150	31FF	6	3	27027	2	0	530	5	540	10	550	15	560	20	580	25	590		
7	3847	7434	70	1	3	150	31FF	6	3	27027	3	0	430	5	430	10	480	15	530	20	560	25	580		
7	3847	7434	70	1	5	150	31FF	6	3	27027	5	0	480	5	480	10	480	15	480	20	490	25	490		
7	3847	7434	70	1	6	150	31FF	6	3	27027	6	0	500	5	500	10	510	15	510	20	510	25	510		
7	3847	7434	70	1	12	150	31FF	6	3	27027	8	0	170	5	290	10	370	15	390	20	420	25	420		
7	3847	7434	70	1	16	150	31FF	6	3	27027	12	0	130	5	180	10	220	15	340	20	410	25	410		
7	3847	7434	70	1	20	150	31FF	7	3	27027	16	0	270	5	270	10	280	15	280	20	280	25	280	30	290
7	3847	7434	70	1	23	150	31FF	7	3	27027	17	0	90	5	100	10	100	15	100	20	110	25	180	30	200
7	3847	7434	70	1	26	150	31FF	6	3	27027	20	0	90	5	90	10	100	15	140	20	180	25	200		
7	3847	7434	70	1	27	150	31FF	7	3	27027	21	0	30	5	30	10	70	15	130	20	160	25	190	30	210
7	3847	7434	70	1	28	150	31FF	7	3	27027	22	0	80	5	90	10	130	15	140	20	150	25	150	30	150
7	3847	7434	70	1	31	150	31FF	7	3	27027	25	0	130	5	130	10	140	15	140	20	150	25	150	30	160
7	3847	7434	70	3	1	170	31FF	4	3	27049	1	0	200	5	150	10	190	15	200						
7	3847	7434	70	3	2	170	31FF	6	3	27049	2	0	210	5	210	10	210	15	210	20	210	25	210		
7	3847	7434	70	3	3	170	31FF	6	3	27049	3	0	180	5	180	10	180	15	180	20	180	25	180		
7	3847	7434	70	3	4	170	31FF	6	3	27049	4	0	120	5	130	10	130	15	130	20	130	25	130		
7	3847	7434	70	3	5	170	31FF	6	3	27049	5	0	160	5	130	10	130	15	130	20	130	25	140		
7	3847	7434	70	3	6	170	31FF	6	3	27049	6	0	130	5	130	10	130	15	130	20	130	25	130		
7	3847	7434	70	3	7	170	31FF	5	3	27049	7	0	140	5	130	10	130	15	130	20	130				
7	3847	7434	70	3	8	170	31FF	6	3	27049	8	0	170	5	150	10	160	15	180	20	190	25	190		
7	3847	7434	70	3	9	170	31FF	6	3	27049	9	0	180	5	180	10	180	15	180	20	180	25	180		
7	3847	7434	70	3	10	170	31FF	5	3	27049	10	0	70	5	70	10	70	15	70	20	70				
7	3847	7447	70	3	11	170	31FF	3	3	27049	11	0	240	5	230	10	230								
7	3847	7434	70	3	12	170	31FF	5	3	27049	12	0	180	5	180	10	180	15	180	20	180				
7	3847	7434	70	3	13	170	31FF	5	3	27049	13	0	200	5	200	10	200	15	200	20	200		
7	3847	7447	70	3	14	170	31FF	3	3	27049	14	0	200	5	200	10	200						
7	3847	7434	70	3	15	170	31FF	3	3	27049	15	0	180	5	180	10	180						
7	3847	7434	70	3	17	170	31FF	3	3	27049	17	0	190	5	190	10	190						
7	3847	7434	70	3	18	170	31FF	6	3	27049	18	0	210	5	210	10	200	15	200	20	210	25	210
7	3847	7434	70	3	19	170	31FF	6	3	27049	19	0	350	5	340	10	340	15	350	20	350	25	350
7	3847	7434	70	3	20	170	31FF	4	3	27049	20	0	310	5	290	10	290	15	290				
7	3847	7434	70	3	21	170	31FF	6	3	27049	21	0	370	5	370	10	370	15	370	20	370	25	370
7	3847	7434	70	3	22	170	31FF	6	3	27049	22	0	380	5	380	10	380	15	380	20	370	25	360
7	3847	7434	70	3	23	170	31FF	6	3	27049	23	0	370	5	380	10	380	15	380	20	380	25	380
7	3847	7434	70	3	24	170	31FF	6	3	27049	24	0	390	5	390	10	400	15	400	20	400	25	400
7	3847	7434	70	3	25	170	31FF	6	3	27049	25	0	420	5	410	10	400	15	400	20	400	25	390
7	3847	7434	70	3	26	170	31FF	6	3	27049	26	0	430	5	430	10	410	15	400	20	390	25	390
7	3847	7434	70	3	27	170	31FF	6	3	27049	27	0	420	5	430	10	420	15	410	20	410	25	410
7	3847	7434	70	3	28	170	31FF	6	3	27049	28	0	470	5	460	10	440	15	440	20	440	25	440
7	3847	7434	70	3	29	170	31FF	4	3	27049	29	0	530	5	550	10	500	15	460				
7	3847	7434	70	3	30	170	31FF	4	3	27049	30	0	490	5	490	10	490	15	480				
7	3847	7434	70	3	31	170	31FF	3	3	27049	31	0	500	5	490	10	490						
7	3847	7434	70	4	4	170	31FF	4	3	27062	4	0	500	5	490	10	480	15	470				
7	3847	7434	70	4	6	170	31FF	5	3	27062	6	0	430	5	430	10	430	15	430	20	430		
7	3847	7434	70	4	8	170	31FF	2	3	27062	8	0	540	5	540								
7	3847	7434	70	4	9	170	31FF	4	3	27062	9	0	550	5	540	10	510	15	510				
7	3847	7434	70	4	17	170	31FF	5	3	27062	15	0	670	5	640	10	620	15	610	20	600		
7	3847	7434	70	4	19	170	31FF	6	3	27062	17	0	700	5	670	10	630	15	610	20	590	25	590
7	3847	7434	70	4	20	170	31FF	6	3	27062	18	0	630	5	630	10	630	15	630	20	620	25	610
7	3847	7434	70	4	21	170	31FF	6	3	27062	19	0	630	5	630	10	630	15	630	20	620	25	630
7	3847	7434	70	4	22	170	31FF	6	3	27062	20	0	630	5	620	10	600	15	590	20	590	25	590
7	3847	7434	70	4	23	170	31FF	6	3	27062	21	0	700	5	690	10	680	15	650	20	630	25	630
7	3847	7434	70	4	24	170	31FF	5	3	27062	22	0	730	5	670	10	660	15	640	20	610		
7	3847	7434	70	4	26	160	31FF	6	3	27068	23	0	780	5	720	10	710	15	640	20	610	25	610
7	3847	7434	70	4	27	160	31FF	6	3	27068	24	0	770	5	720	10	650	15	600	20	590	25	600
7	3847	7434	70	4	28	160	31FF	6	3	27068	25	0	890	5	810	10	720	15	600	20	590	25	590
7	3847	7434	70	4	29	160	31FF	6	3	27068	26	0	1000	5	830	10	720	15	600	20	590	25	590
7	3847	7434	70	4	30	160	31FF	6	3	27068	27	0	1000	5	880	10	700	15	680	20	630	25	620
7	3847	7434	70	5	1	160	31FF	6	3	27070	1	0	1000	5	800	10	690	15	640	20	640	25	640
7	3847	7434	70	5	3	160	31FF	6	3	27070	3	0	1120	5	890	10	800	15	790	20	780	25	780
7	3847	7434	70	5	4	160	31FF	6	3	27070	4	0	1020	5	1020	10	900	15	770	20	750	25	740
7	3847	7434	70	5	5	160	31FF	6	3	27070	5	0	1070	5	920	10	810	15	770	20	750	25	750
7	3847	7434	70	5	6	160	31FF	6	3	27070	6	0	910	5	910	10	820	15	720	20	720	25	720
7	3847	7434	70	5	7	160	31FF	6	3	27070	7	0	920	5	920	10	920	15	920	20	870	25	710
7	3847	7434	70	5	8	160	31FF	6	3	27070	8	0	1040	5	950	10	920	15	900	20	750	25	740
7	3847	7434	70	5	9	160	31FF	6	3	27070	9	0	1050	5	1010	10	980	15	890	20	770	25	740
7	3847	7434	70	5	10	160	31FF	6	3	27070	10	0	1120	5	1100	10	1020	15	880	20	720	25	710
7	3847	7434	70	5	11	160	31FF	6	3	27070	11	0	1200	5	1150	10	1110	15	740	20	740	25	740
7	3847	7434	70	5	12	160	31FF	6	3	27070	12	0	1400	5	1280	10	1190	15	830	20	800	25	810
7	3847	7434	70	5	13	160	31FF	6	3	27070	13	0	1500	5	1270	10	1070	15	820	20	800	25	790
7	3847	7434	70	5	15	160	31FF	6	3	27070	15	0	1350	5	1210	10	1210	15	1190	20	1020	25	920
7	3847	7434	70	5	16	160	31FF	6	3	27070	16	0	1300	5	1260	10	1200	15	1020	20	970	25	860
7	3847	7434	70	5	17	160	31FF	6	3	27070	17	0	1300	5	1290	10	1200	15	1040	20	940	25	890
7	3847	7434	70	5	18	160	31FF	6	3	27070	18	0	1270	5	1270	10	1270	15	970	20	900	25	850
7	3847	7434	70	5	19	160	31FF	6	3	27070	19	0	1330	5	1270	10	1100	15	920	20	890	25	850
7	3847	7434	70	5	20	160	31FF	6	3	27070	20	0	1400	5	1210	10	1140	15	970	20	910	25	900
7	3847	7434	70	5	21	160	31FF	6	3	27070	21	0	1350	5	1350	10	1250	15	1070	20	980	25	900
7	3847	7434	70	5	22	160	31FF	6	3	27070	22	0	1350	5	1330	10	1080	15	920	20	900	25	890
7	3847	7434	70	5	23	160	31FF	6	3	27070	23	0	1460	5	1380	10	1300	15	910	20	830	25	820
7	3847	7434	70	5	24	160	31FF	6	3	27070	24	0	1490	5	1430	10	1300	15	950	20	840	25	840
7	3847	7434	70	5	25	160	31FF	6	3	27070	25	0	1480	5	1400	10	1380	15	970	20	900	25	900
7	3847	7434	70	5	26	160	31FF	6	3	27070	26	0	1380	5	1370	10	930	15	910	20	890	25	880
7	3847	7434	70	5	27	160	31FF	6	3	27070	27	0	1450	5	1400	10	1360	15	930	20	830	25	800
7	3847	7434	70	5	28	160	31FF	6	3	27070	28	0	1470	5	1440	10	1300	15	900	20	820	25	770
7	3847	7434	70	5	29	160	31FF	6	3	27070	29	0	1500	5	1490	10	1410	15	1030	20	940	25	900
7	3847	7434	70	5	30	160	31FF	6	3	27070	30	0	1480	5	1480	10	1440	15	1100	20	990	25	900
7	3847	7434	70	5	31	160	31FF	6	3	27070	31	0	1570	5	1520	10	1400	15	990	20	880	25	840
7	3847	7434	70	6	1	160	31FF	5	3	27080	1	0	1320	5	1310	10	930	15	600	20	570		
7	3847	7434	70	6	2	160	31FF	5	3	27080	2	0	1420	5	1420	10	940	15	670	20	580		
7	3847	7434	70	6	3	160	31FF	5	3	27080	3	0	1430	5	1430	10	680	15	660	20	520		
7	3847	7434	70	6	4	160	31FF	5	3	27080	4	0	1440	5	1420	10	1290	15	780	20	530		
7	3847	7434	70	6	5	160	31FF	5	3	27080	5	0	1520	5	1480	10	1100	15	630	20	600		
7	3847	7434	70	6	6	160	31FF	5	3	27080	6	0	1510	5	1510	10	1230	15	630	20	600		
7	3847	7434	70	6	7	160	31FF	5	3	27080	7	0	1520	5	1500	10	1250	15	620	20	600		
7	3847	7434	70	6	8	160	31FF	5	3	27080	8	0	1460	5	1420	10	770	15	620	20	620		
7	3847	7434	70	6	9	160	31FF	5	3	27080	9	0	1520	5	1500	10	1050	15	630	20	620		
7	3847	7434	70	6	10	160	31FF	6	3	27080	10	0	1640	5	1630	10	1480	15	660	20	610	25	610
7	3847	7434	70	6	11	160	31FF	5	3	27080	11	0	1600	5	1560	10	990	15	620	20	620		
7	3847	7434	70	6	12	160	31FF	5	3	27080	12	0	1710	5	1680	10	1500	15	620	20	610		
7	3847	7434	70	6	14	160	31FF	5	3	27080	14	0	1680	5	1680	10	1660	15	700	20	650		
7	3847	7434	70	6	17	160	31FF	5	3	27080	17	0	1710	5	1670	10	1660	15	780	20	650		
7	3847	7434	70	6	18	160	31FF	2	3	27080	18	0	1940	5	1910								
7	3847	7434	70	6	19	160	31FF	5	3	27080	19	0	2100	5	1980	10	1900	15	910	20	880		
7	3847	7434	70	6	20	160	31FF	5	3	27080	20	0	1950	5	1970	10	1900	15	880	20	850		
7	3847	7434	70	6	21	160	31FF	5	3	27080	21	0	1980	5	1980	10	1930	15	1030	20	950
7	3847	7434	70	6	22	160	31FF	2	3	27080	22	0	2000	5	1870						
7	3847	7434	70	6	24	160	31FF	2	3	27080	24	0	2160	5	2080						
7	3847	7434	70	6	25	160	31FF	5	3	27080	25	0	2280	5	2270	10	1920	15	1220	20	1180
7	3847	7434	70	6	26	160	31FF	5	3	27080	26	0	2390	5	2390	10	2360	15	1550	20	1160
7	3847	7434	70	6	27	160	31FF	5	3	27080	27	0	2340	5	2320	10	2200	15	1250	20	1190
7	3847	7434	70	6	28	160	31FF	5	3	27080	28	0	2100	5	2070	10	2030	15	1450	20	1270
7	3847	7434	70	6	29	160	31FF	5	3	27080	29	0	2120	5	2050	10	2030	15	1400	20	1220
7	3847	7434	70	6	30	160	31FF	5	3	27080	30	0	2210	5	2190	10	1320	15	1210	20	1200
7	3847	7434	70	9	1	160	31FF	5	3	27109	1	0	2510	5	2510	10	2320	15	1350	20	1290
7	3847	7434	70	9	3	160	31FF	5	3	27109	3	0	2470	5	2470	10	2470	15	1410	20	1320
7	3847	7434	70	9	5	160	31FF	4	3	27109	5	0	2320	5	2220	10	1080	15	1030		
7	3847	7434	70	9	7	160	31FF	5	3	27109	7	0	2410	5	2400	10	2350	15	1760	20	1430
7	3847	7434	70	9	9	160	31FF	4	3	27109	9	0	2290	5	2290	10	1730	15	1290		
7	3847	7434	70	9	11	160	31FF	4	3	27109	11	0	2280	5	2270	10	1500	15	1270		
7	3847	7434	70	9	12	160	31FF	5	3	27109	12	0	2300	5	2290	10	2150	15	1330	20	1180
7	3847	7434	70	9	18	160	31FF	4	3	27109	18	0	2150	5	2130	10	1490	15	1480		
7	3847	7434	70	9	19	160	31FF	4	3	27109	19	0	2060	5	2050	10	2050	15	1410		
7	3847	7434	70	9	20	160	31FF	4	3	27109	20	0	2230	5	2230	10	2220	15	1510		
7	3847	7434	70	9	23	160	31FF	4	3	27109	23	0	2200	5	2170	10	1880	15	1250		
7	3847	7434	70	9	24	160	31FF	5	3	27109	24	0	2190	5	2130	10	2020	15	1120	20	1020
7	3847	7434	70	9	25	160	31FF	5	3	27109	25	0	2220	5	2200	10	1950	15	1160	20	1050
7	3847	7434	70	9	26	160	31FF	4	3	27109	26	0	2140	5	2080	10	2000	15	1050		
7	3847	7434	70	9	27	140	31FF	4	3	27109	27	0	2210	5	2190	10	1400	15	1010		
7	3847	7434	70	9	28	160	31FF	5	3	27109	28	0	2090	5	2090	10	2080	15	1440	20	1000
7	3847	7434	70	10	1	160	31FF	3	3	27108	1	0	1940	5	1940	10	1920				
7	3847	7434	70	10	3	160	31FF	5	3	27108	3	0	1920	5	1800	10	1410	15	1310	20	1290
7	3847	7434	70	10	5	160	31FF	4	3	27108	5	0	1870	5	1850	10	1820	15	1820		
7	3847	7434	70	10	6	160	31FF	5	3	27108	6	0	2020	5	2010	10	1850	15	1500	20	1130
7	3847	7434	70	10	8	160	31FF	4	3	27108	8	0	1990	5	1880	10	1810	15	1200		
7	3847	7434	70	10	9	160	31FF	4	3	27108	9	0	2000	5	1810	10	1220	15	1120		
7	3847	7434	70	10	10	160	31FF	4	3	27108	10	0	1990	5	1990	10	1830	15	1250		
7	3847	7434	70	10	17	160	31FF	4	3	27108	16	0	1780	5	1780	10	1780	15	1780		
7	3847	7434	70	10	18	160	31FF	4	3	27108	17	0	1780	5	1770	10	1760	15	1760		
7	3847	7434	70	10	19	160	31FF	3	3	27108	18	0	1630	5	1630	10	1630				
7	3847	7434	70	10	20	160	31FF	4	3	27108	19	0	1710	5	1700	10	1690	15	1680		
7	3847	7434	70	10	21	160	31FF	4	3	27108	20	0	1690	5	1690	10	1690	15	1680		
7	3847	7434	70	10	22	160	31FF	4	3	27108	21	0	1720	5	1710	10	1710	15	1710		
7	3847	7434	70	10	23	160	31FF	4	3	27108	22	0	1740	5	1750	10	1730	15	1730		
7	3847	7434	70	10	24	160	31FF	4	3	27108	23	0	1740	5	1740	10	1740	15	1730		
7	3847	7434	70	10	25	170	31FF	4	3	27108	24	0	1740	5	1740	10	1720	15	1710		
7	3847	7434	70	10	26	170	31FF	4	3	27108	26	0	1580	5	1590	10	1590	15	1580		
7	3847	7434	70	10	29	170	31FF	3	3	27108	27	0	1550	5	1590	10	1560				
7	3847	7434	70	10	30	170	31FF	2	3	27108	28	0	1520	5	1520						
7	3847	7434	70	10	31	170	31FF	3	3	27108	29	0	1530	5	1530	10	1530				
7	3847	7435	71	4	6	170	31FF	2	3	23821	1	0	700	5	710						
7	3847	7435	71	4	12	170	31FF	4	3	23821	3	0	680	5	650	10	600	15	560		
7	3847	7435	71	4	18	170	31FF	5	3	23821	4	0	730	5	730	10	700	15	680	20	610
7	3847	7435	71	4	21	170	31FF	5	3	23821	5	0	770	5	720	10	650	15	630	20	630		
7	3847	7435	71	4	23	170	31FF	5	3	23821	6	0	800	5	790	10	760	15	680	20	650		
7	3847	7435	71	4	24	170	31FF	5	3	23821	7	0	860	5	860	10	810	15	770	20	660		
7	3847	7435	71	4	25	170	31FF	5	3	23821	8	0	810	5	770	10	750	15	740	20	700		
7	3847	7435	71	4	27	170	31FF	5	3	23821	9	0	790	5	790	10	770	15	750	20	750		
7	3847	7435	71	5	1	170	31FF	5	3	23822	1	0	910	5	870	10	790	15	760	20	760		
7	3847	7435	71	5	2	170	31FF	6	3	23822	2	0	1260	5	1180	10	1170	15	1170	20	1170	25	1170
7	3847	7435	71	5	3	170	31FF	6	3	23822	3	0	1250	5	1180	10	1180	15	1180	20	1180	25	1180
7	3847	7435	71	5	4	170	31FF	6	3	23822	4	0	1280	5	1180	10	1170	15	1170	20	1170	25	1170
7	3847	7435	71	5	5	170	31FF	5	3	23822	5	0	1000	5	950	10	910	15	830	20	720		
7	3847	7435	71	5	6	170	31FF	2	3	23822	6	0	1370	5	1190								
7	3847	7435	71	5	9	170	31FF	6	3	23822	7	0	1220	5	1180	10	1180	15	1180	20	1180	25	1170
7	3847	7435	71	5	10	170	31FF	6	3	23822	8	0	1280	5	1170	10	1180	15	1180	20	1170	25	1170
7	3847	7435	71	5	11	170	31FF	5	3	23822	9	0	1300	5	1060	10	1050	15	1040	20	810		
7	3847	7435	71	5	12	170	31FF	5	3	23822	10	0	1130	5	1130	10	1100	15	850	20	790		
7	3847	7435	71	5	13	170	31FF	5	3	23822	11	0	1120	5	1090	10	1030	15	930	20	880		
7	3847	7435	71	5	14	170	31FF	5	3	23822	12	0	1190	5	1080	10	1040	15	960	20	880		
7	3847	7435	71	5	15	170	31FF	5	3	23822	13	0	1150	5	1090	10	1040	15	920	20	880		
7	3847	7435	71	5	17	160	31FF	5	3	23822	14	0	1140	5	1090	10	1020	15	900	20	870		
7	3847	7435	71	5	18	160	31FF	5	3	23822	15	0	1190	5	1100	10	1060	15	990	20	990		
7	3847	7435	71	5	21	160	31FF	5	3	23822	16	0	1270	5	1260	10	1150	15	930	20	920		
7	3847	7435	71	5	22	160	31FF	5	3	23822	17	0	1200	5	1170	10	1170	15	1170	20	1170		
7	3847	7435	71	5	23	160	31FF	5	3	23822	18	0	1280	5	1270	10	1230	15	1180	20	1040		
7	3847	7435	71	5	25	160	31FF	2	3	23822	20	0	1300	5	1180								
7	3847	7435	71	5	26	160	31FF	3	3	23822	21	0	1340	5	1230	10	1180						
7	3847	7435	71	5	27	160	31FF	5	3	23822	22	0	1470	5	1380	10	1160	15	900	20	760		
7	3847	7435	71	5	31	160	31FF	4	3	23822	23	0	1330	5	1220	10	1190	15	1190				
7	3847	7435	71	9	21	140	31FF	6	3	23823	1	0	2240	5	2270	10	2270	15	1950	20	1580	25	1490
7	3847	7435	71	9	22	140	31FF	5	3	23823	2	0	2190	5	2230	10	2230	15	2090	20	1610		
7	3847	7435	71	9	23	140	31FF	5	3	23823	3	0	2180	5	2180	10	2180	15	2150	20	1980		
7	3847	7435	71	9	24	140	31FF	5	3	23823	4	0	2170	5	2170	10	2170	15	1860	20	1690		
7	3847	7435	71	9	25	140	31FF	5	3	23823	5	0	2140	5	2140	10	2140	15	2130	20	2010		
7	3847	7435	71	9	26	140	31FF	5	3	23823	6	0	2100	5	2090	10	2090	15	2070	20	2060		
7	3847	7435	71	9	27	140	31FF	5	3	23823	7	0	2090	5	2090	10	2080	15	1960	20	1860		
7	3847	7435	71	9	28	140	31FF	5	3	23823	8	0	2060	5	2060	10	2060	15	2060	20	1930		
7	3847	7435	71	9	29	145	31FF	5	3	23823	9	0	2070	5	2070	10	2070	15	2070	20	2070		
7	3847	7435	71	9	30	140	31FF	5	3	23823	10	0	2120	5	2120	10	2120	15	2110	20	2100		
7	3847	7435	71	10	1	140	31FF	5	3	23824	1	0	2100	5	2100	10	2100	15	2100	20	2100		
7	3847	7435	71	10	2	140	31FF	5	3	23824	2	0	2150	5	2140	10	2140	15	2140	20	2140		
7	3847	7435	71	10	3	140	31FF	5	3	23824	3	0	2200	5	2150	10	2150	15	2150	20	2150		
7	3847	7435	71	10	4	140	31FF	5	3	23824	4	0	2120	5	2120	10	2120	15	2120	20	2120		
7	3847	7435	71	10	6	140	31FF	6	3	23824	5	0	2180	5	2110	10	2110	15	2110	20	2110	25	2100
7	3847	7435	71	10	7	140	31FF	6	3	23824	6	0	2090	5	2120	10	2120	15	2110	20	2050	25	2000
7	3847	7435	71	10	8	140	31FF	5	3	23824	7	0	2030	5	2030	10	2040	15	2050	20	2060		
7	3847	7435	71	10	9	140	31FF	6	3	23824	8	0	2040	5	2040	10	2040	15	2040	20	2030	25	1880
7	3847	7435	71	10	12	140	31FF	5	3	23824	9	0	1990	5	1980	10	1970	15	1670	20	1440		
7	3847	7435	71	10	13	140	31FF	6	3	23824	10	0	1940	5	1940	10	1940	15	1940	20	1660	25	1190
7	3847	7435	71	10	14	140	31FF	5	3	23824	11	0	1980	5	1970	10	1960	15	1920	20	1630		
7	3847	7435	71	10	15	140	31FF	6	3	23824	12	0	2000	5	1980	10	1970	15	1950	20	1420	25	1340
7	3847	7435	71	10	16	140	31FF	5	3	23824	13	0	1950	5	1950	10	1950	15	1940	20	1690		
7	3847	7435	71	10	17	140	31FF	5	3	23824	14	0	1960	5	1960	10	1960	15	1960	20	1790		
7	3847	7435	71	10	21	140	31FF	5	3	23824	15	0	1730	5	1730	10	1720	15	1720	20	1720		
7	3847	7435	71	10	23	140	31FF	6	3	23824	16	0	1730	5	1730	10	1730	15	1730	20	1720	25	1720
7	3847	7435	71	10	26	140	31FF	6	3	23824	17	0	1740	5	1740	10	1740	15	1740	20	1740	25	1740
7	3847	7435	71	10	28	140	31FF	5	3	23824	18	0	1760	5	1750	10	1750	15	1750	20	1750		
7	3847	7435	71	10	29	140	31FF	5	3	23824	19	0	1790	5	1790	10	1780	15	1750	20	1730		
7	3847	7435	71	10	31	140	31FF	5	3	23824	20	0	1780	5	1780	10	1770	15	1760	20	1740		
7	3847	7435	72	1	11	150	31FF	5	3	23866	1	0	780	5	780	10	910	15	960	20	990		
7	3847	7435	72	1	12	150	31FF	6	3	23866	2	0	800	5	810	10	860	15	930	20	940	25	940
7	3847	7435	72	1	13	150	31FF	5	3	23866	3	0	820	5	820	10	920	15	950	20	950		
7	3847	7435	72	1	15	150	31FF	6	3	23866	4	0	860	5	870	10	870	15	880	20	890	25	890
7	3847	7435	72	1	18	150	31FF	6	3	23866	5	0	830	5	830	10	840	15	840	20	840	25	840
7	3847	7435	72	1	19	160	31FF	6	3	23866	6	0	690	5	790	10	890	15	890	20	890	25	890
7	3847	7435	72	1	20	150	31FF	6	3	23866	7	0	660	5	660	10	670	15	880	20	900	25	900
7	3847	7435	72	1	21	150	31FF	6	3	23866	8	0	650	5	650	10	760	15	900	20	900	25	900
7	3847	7435	72	1	23	160	31FF	6	3	23866	9	0	770	5	770	10	770	15	770	20	770	25	770
7	3847	7435	72	1	24	150	31FF	5	3	23866	10	0	960	5	710	10	720	15	760	20	770		
7	3847	7435	72	1	26	150	31FF	5	3	23866	11	0	730	5	730	10	770	15	910	20	920		
7	3847	7435	72	1	27	150	31FF	5	3	23866	12	0	670	5	670	10	670	15	780	20	880		
7	3847	7435	72	1	28	150	31FF	5	3	23866	13	0	670	5	670	10	670	15	700	20	840		
7	3847	7435	72	1	29	150	31FF	3	3	23866	14	0	750	5	810	10	810						
7	3847	7435	72	1	30	150	31FF	6	3	23866	15	0	800	5	800	10	800	15	800	20	800	25	800
7	3847	7435	72	1	31	150	31FF	4	3	23866	16	0	700	5	700	10	700	15	760				
7	3847	7435	72	2	1	155	31FF	6	3	23867	1	0	640	5	640	10	680	15	780	20	790	25	790
7	3847	7435	72	2	10	150	31FF	3	3	23867	2	0	520	5	520	10	520						
7	3847	7435	72	2	11	150	31FF	5	3	23867	3	0	520	5	520	10	520	15	520	20	520		
7	3847	7435	72	2	12	150	31FF	5	3	23867	4	0	470	5	490	10	510	15	530	20	520		
7	3847	7435	72	4	26	150	31FF	6	3	23868	1	0	780	5	780	10	780	15	780	20	780	25	780
7	3847	7435	72	4	27	150	31FF	6	3	23868	2	0	810	5	810	10	800	15	790	20	790	25	790
7	3847	7435	72	4	28	150	31FF	6	3	23868	3	0	810	5	790	10	790	15	790	20	790	25	790
7	3847	7435	72	4	29	150	31FF	5	3	23868	4	0	840	5	810	10	790	15	780	20	780		
7	3847	7435	72	4	30	150	31FF	6	3	23868	5	0	870	5	850	10	820	15	810	20	780	25	780
7	3847	7435	72	5	1	140	31FF	5	3	23869	1	0	940	5	850	10	790	15	780	20	770		
7	3847	7435	72	5	2	140	31FF	6	3	23869	2	0	950	5	930	10	800	15	780	20	780	25	780
7	3847	7435	72	5	3	140	31FF	6	3	23869	3	0	1100	5	1090	10	920	15	780	20	760	25	750
7	3847	7435	72	5	4	140	31FF	6	3	23869	4	0	1190	5	1190	10	1000	15	770	20	750	25	760
7	3847	7435	72	5	5	140	31FF	5	3	23869	5	0	1200	5	1200	10	880	15	770	20	760		
7	3847	7435	72	5	6	140	31FF	5	3	23869	6	0	1130	5	1080	10	790	15	780	20	770		
7	3847	7435	72	5	7	140	31FF	6	3	23869	7	0	1080	5	1080	10	810	15	790	20	790	25	790
7	3847	7435	72	5	8	140	31FF	6	3	23869	8	0	1130	5	1120	10	860	15	790	20	800	25	800
7	3847	7435	72	5	10	140	31FF	6	3	23869	9	0	980	5	980	10	980	15	980	20	980	25	980
7	3847	7435	72	5	11	140	31FF	6	3	23869	10	0	1030	5	1020	10	980	15	970	20	970	25	970
7	3847	7435	72	5	12	140	31FF	6	3	23869	11	0	1080	5	1060	10	1040	15	1020	20	1010	25	1010
7	3847	7435	72	5	13	140	31FF	6	3	23869	12	0	1120	5	1070	10	1040	15	1010	20	1010	25	1000
7	3847	7435	72	5	14	140	31FF	6	3	23869	13	0	1130	5	1130	10	1130	15	1060	20	1020	25	1020
7	3847	7435	72	5	15	140	31FF	6	3	23869	14	0	1090	5	1090	10	1080	15	1070	20	1070	25	1070
7	3847	7435	72	5	16	140	31FF	6	3	23869	15	0	1130	5	1100	10	1020	15	1000	20	1000	25	1000
7	3847	7435	72	5	17	140	31FF	6	3	23869	16	0	1270	5	1180	10	1090	15	1030	20	990	25	990
7	3847	7435	72	5	18	140	31FF	6	3	23869	17	0	1290	5	1260	10	1120	15	1030	20	1010	25	1010
7	3847	7435	72	5	20	140	31FF	6	3	23869	18	0	1170	5	1170	10	1170	15	1170	20	1170	25	1170
7	3847	7435	72	5	21	140	31FF	6	3	23869	19	0	1150	5	1140	10	1140	15	1130	20	1140	25	1140
7	3847	7435	72	5	22	140	31FF	6	3	23869	20	0	1170	5	1160	10	1140	15	1140	20	1140	25	1140
7	3847	7435	72	6	21	140	31FF	5	3	23870	1	0	1830	5	1820	10	1640	15	1130	20	1120		
7	3847	7435	72	6	24	140	31FF	6	3	23870	2	0	1570	5	1570	10	1540	15	1290	20	1210	25	1140
7	3847	7435	72	6	25	140	31FF	6	3	23870	3	0	1620	5	1610	10	1580	15	1420	20	1170	25	1130
7	3847	7435	72	6	26	140	31FF	6	3	23870	4	0	1720	5	1640	10	1530	15	1330	20	1250	25	1100
7	3847	7435	72	6	27	140	31FF	6	3	23870	5	0	1780	5	1670	10	1590	15	1500	20	1340	25	1220
7	3847	7435	72	6	28	140	31FF	6	3	23870	6	0	1900	5	1720	10	1630	15	1470	20	1200	25	1190
7	3847	7435	72	6	29	140	31FF	6	3	23870	7	0	1770	5	1770	10	1720	15	1540	20	1260	25	1220
7	3847	7435	72	6	30	140	31FF	6	3	23870	8	0	1790	5	1760	10	1700	15	1500	20	1220	25	1220
7	3847	7435	72	7	1	140	31FF	6	3	23871	1	0	1840	5	1810	10	1670	15	1290	20	1210	25	1210
7	3847	7435	72	7	2	140	31FF	6	3	23871	2	0	1950	5	1890	10	1660	15	1280	20	1210	25	1190
7	3847	7435	72	7	3	140	31FF	6	3	23871	3	0	1970	5	1970	10	1760	15	1300	20	1240	25	1230
7	3847	7435	72	7	4	140	31FF	6	3	23871	4	0	1950	5	1950	10	1890	15	1240	20	1160	25	1130
7	3847	7435	72	7	5	140	31FF	6	3	23871	5	0	1970	5	1960	10	1840	15	1310	20	1280	25	1240
7	3847	7435	72	7	6	140	31FF	6	3	23871	6	0	1860	5	1860	10	1860	15	1850	20	1840	25	1840
7	3847	7435	72	7	7	140	31FF	6	3	23871	7	0	1870	5	1870	10	1840	15	1790	20	1660	25	1580
7	3847	7435	72	7	8	140	31FF	6	3	23871	8	0	1920	5	1890	10	1870	15	1800	20	1710	25	1520
7	3847	7435	72	7	9	140	31FF	6	3	23871	9	0	1920	5	1910	10	1890	15	1830	20	1600	25	1540
7	3847	7435	72	7	10	140	31FF	6	3	23871	10	0	1960	5	1940	10	1920	15	1860	20	1540	25	1470
7	3847	7435	72	7	11	140	31FF	6	3	23871	11	0	1990	5	1960	10	1860	15	1660	20	1340	25	1280
7	3847	7435	72	7	12	140	31FF	6	3	23871	12	0	2110	5	2060	10	1910	15	1680	20	1240	25	1220
7	3847	7435	72	7	13	140	31FF	6	3	23871	13	0	2050	5	2050	10	1890	15	1790	20	1470	25	1260
7	3847	7435	72	7	14	140	31FF	6	3	23871	14	0	2080	5	2030	10	1910	15	1460	20	1260	25	1190
7	3847	7435	72	7	15	140	31FF	5	3	23871	15	0	2100	5	2100	10	1850	15	1440	20	1150		
7	3847	7435	72	7	16	140	31FF	6	3	23871	16	0	2110	5	2090	10	1880	15	1330	20	1110	25	1120
7	3847	7435	72	7	17	140	31FF	6	3	23871	17	0	2180	5	2170	10	1940	15	1240	20	1080	25	1080
7	3847	7435	72	7	20	140	31FF	6	3	23871	18	0	2420	5	2320	10	1930	15	1520	20	1270	25	1220
7	3847	7435	72	7	21	140	31FF	6	3	23871	19	0	2410	5	2400	10	1900	15	1510	20	1330	25	1320
7	3847	7435	72	7	22	140	31FF	6	3	23871	20	0	2430	5	2330	10	1880	15	1370	20	1250	25	1190
7	3847	7435	72	7	23	140	31FF	6	3	23871	21	0	2520	5	2490	10	2110	15	1530	20	1210	25	1170
7	3847	7435	72	7	24	140	31FF	6	3	23871	22	0	2530	5	2500	10	2030	15	1620	20	1200	25	1130
7	3847	7435	72	7	25	140	31FF	5	3	23871	23	0	2540	5	2510	10	2060	15	1790	20	1400		
7	3847	7435	72	7	26	140	31FF	6	3	23871	24	0	2470	5	2470	10	2310	15	1630	20	1310	25	1250
7	3847	7435	72	7	27	140	31FF	5	3	23871	25	0	2480	5	2490	10	2490	15	1890	20	1410		
7	3847	7435	72	7	28	140	31FF	6	3	23871	26	0	2470	5	2470	10	2470	15	1930	20	1360	25	1350
7	3847	7435	72	7	29	140	31FF	6	3	23871	27	0	2250	5	2240	10	2190	15	1560	20	1380	25	1350
7	3847	7435	72	7	31	140	31FF	6	3	23871	28	0	2420	5	2400	10	2270	15	1490	20	1340	25	1340
7	3847	7435	72	8	1	140	31FF	6	3	23872	1	0	2350	5	2340	10	1720	15	1350	20	1330	25	1330
7	3847	7435	72	8	2	140	31FF	4	3	23872	2	0	2460	5	2440	10	2380	15	1330				
7	3847	7435	72	8	4	140	31FF	6	3	23872	3	0	2440	5	2420	10	2040	15	1360	20	1310	25	1290
7	3847	7435	72	8	7	140	31FF	6	3	23872	4	0	2360	5	2360	10	2330	15	1560	20	1470	25	1400
7	3847	7435	72	8	11	140	31FF	6	3	23872	5	0	2210	5	2200	10	2200	15	1870	20	1420	25	1390
7	3847	7435	72	8	12	140	31FF	6	3	23872	6	0	2240	5	2230	10	2210	15	1590	20	1320	25	1320
7	3847	7435	72	8	13	140	31FF	6	3	23872	7	0	2130	5	2130	10	2160	15	1490	20	1310	25	1220
7	3847	7435	72	8	14	140	31FF	5	3	23872	8	0	2170	5	2170	10	2140	15	1730	20	1210		
7	3847	7435	72	8	19	140	31FF	5	3	23872	9	0	2130	5	2110	10	1940	15	1850	20	1480		
7	3847	7435	72	8	20	140	31FF	5	3	23872	10	0	2120	5	2120	10	2110	15	1970	20	1690		
7	3847	7435	72	8	21	140	31FF	5	3	23872	11	0	2140	5	2120	10	2040	15	1910	20	1730		
7	3847	7435	72	8	22	140	31FF	5	3	23872	12	0	2180	5	2160	10	2020	15	1880	20	1680		
7	3847	7435	72	8	23	140	31FF	6	3	23872	13	0	2310	5	2270	10	2210	15	1900	20	1620	25	1510
7	3847	7435	72	8	25	140	31FF	6	3	23872	14	0	2300	5	2340	10	2330	15	1940	20	1440	25	1390
7	3847	7435	72	8	26	140	31FF	6	3	23872	15	0	2320	5	2280	10	2260	15	1880	20	1370	25	1340
7	3847	7435	72	8	27	140	31FF	6	3	23872	16	0	2360	5	2350	10	2340	15	2020	20	1360	25	1300
7	3847	7435	72	8	28	140	31FF	5	3	23872	17	0	2390	5	2390	10	2400	15	2310	20	1280		
7	3847	7435	72	8	29	140	31FF	6	3	23872	18	0	2400	5	2410	10	2430	15	2390	20	1330	25	1230
7	3847	7435	72	8	31	140	31FF	5	3	23872	19	0	2420	5	2420	10	2400	15	1700	20	1380		
7	3847	7435	72	9	1	140	31FF	6	3	23873	1	0	2420	5	2420	10	2400	15	1690	20	1460	25	1450
7	3847	7435	72	9	2	140	31FF	5	3	23873	2	0	2320	5	2320	10	2300	15	1820	20	1690		
7	3847	7435	72	9	3	140	31FF	5	3	23873	3	0	2280	5	2280	10	2270	15	2230	20	2180		
7	3847	7435	72	9	4	140	31FF	5	3	23873	4	0	2260	5	2260	10	2250	15	2210	20	2060
7	3847	7435	72	9	5	140	31FF	5	3	23873	5	0	2210	5	2210	10	2210	15	2190	20	2190
