quad	lat	lon	yr	mo	day	time	ship_code	#groups	data type	cruise	station																						
7	3505	7519	65	4	1	175	31D1	9	3	6721	1	0	710	5	720	10	720	15	710	20	700	25	700	30	700	35	700	40	700				
7	3505	7519	65	4	2	99*	31D1	8	3	6721	2	0	960	5	920	10	910	15	910	20	910	25	920	30	970	35	990						
7	3505	7519	65	4	4	175	31D1	11	3	6721	4	0	810	5	820	10	830	15	810	20	800	25	800	30	800	35	800	40	810	45	810	50	860
7	3505	7519	65	4	5	175	31D1	6	3	6721	5	0	820	5	820	10	810	15	800	20	790	25	780										
7	3505	7519	65	4	6	175	31D1	10	3	6721	6	0	1050	5	980	10	970	15	920	20	910	25	920	30	950	35	1000	40	1210	45	1300		
7	3505	7519	65	4	7	175	31D1	8	3	6721	7	0	910	5	740	10	710	15	680	20	620	25	610	30	620	35	760						
7	3505	7519	65	4	8	175	31D1	10	3	6721	8	0	1220	5	1040	10	1040	15	980	20	980	25	980	30	970	35	950	40	950	45	980		
7	3505	7519	65	4	10	175	31D1	6	3	6721	10	0	840	5	820	10	820	15	820	20	820	25	920										
7	3505	7519	65	4	11	175	31D1	10	3	6721	11	0	1050	5	1050	10	1050	15	1070	20	1250	25	1340	30	1370	35	1440	40	1440	45	1490		
7	3505	7519	65	4	13	175	31D1	10	3	6721	13	0	1100	5	1120	10	1150	15	1270	20	1180	25	1180	30	1300	35	1720	40	2020	45	2110		
7	3505	7519	65	4	15	175	31D1	10	3	6721	15	0	1900	5	1900	10	1900	15	1860	20	1830	25	1810	30	1800	35	1780	40	1760	45	1740		
7	3505	7519	65	4	16	175	31D1	9	3	6721	16	0	1600	5	1610	10	2190	15	2170	20	2110	25	2100	30	2100	35	2100	40	2090				
7	3505	7519	65	4	19	175	31D1	10	3	6721	19	0	1410	5	1380	10	1330	15	1390	20	1740	25	2070	30	2060	35	2030	40	2010	45	2010		
7	3505	7519	65	4	21	175	31D1	11	3	6721	21	0	1920	5	1950	10	1960	15	1750	20	1790	25	1800	30	1790	35	1760	40	1580	45	1550	50	1540
7	3505	7519	65	4	22	175	31D1	10	3	6721	22	0	2290	5	2290	10	2240	15	2150	20	2140	25	2130	30	2100	35	1990	40	1980	45	1970		
7	3505	7519	65	4	29	175	31D1	6	3	6721	29	0	1320	5	1290	10	1250	15	1400	20	1750	25	1780										
7	3505	7519	65	4	30	175	31D1	11	3	6721	30	0	1340	5	1280	10	1340	15	2100	20	2190	25	2180	30	2110	35	2060	40	2140	45	2100	50	2050
7	3505	7519	65	4	99	175	31D1	11	3	6721	18	0	1230	5	1220	10	1420	15	1580	20	1620	25	1810	30	1820	35	1830	40	1820	45	1820	50	1720
7	3505	7519	65	7	1	170	31D1	5	3	6686	1	0	2510	5	2510	10	2510	15	2510	20	2500												
7	3505	7519	65	7	2	99*	31D1	10	3	6686	2	0	2120	5	2100	10	1750	15	1650	20	1620	25	1630	30	1580	35	1550	40	1570	45	1670		
7	3505	7519	65	7	3	99*	31D1	6	3	6686	3	0	2600	5	2670	10	2680	15	2700	20	2550	25	2360										
7	3505	7519	65	7	4	99*	31D1	10	3	6686	4	0	2500	5	2640	10	2680	15	2580	20	2530	25	2370	30	2250	35	2170	40	1790	45	1670		
7	3505	7519	65	7	5	99*	31D1	4	3	6686	5	0	2360	5	2330	10	2570	15	2750														
7	3505	7519	65	7	6	99*	31D1	10	3	6686	6	0	2380	5	2440	10	2600	15	2640	20	2660	25	2680	30	2560	35	2260	40	2110	45	2090		
7	3505	7519	65	7	7	99*	31D1	10	3	6686	7	0	2800	5	2810	10	2790	15	2770	20	2720	25	2700	30	2680	35	2480	40	2390	45	2230		
7	3505	7519	65	7	8	99*	31D1	10	3	6686	8	0	2660	5	2660	10	2690	15	2660	20	2500	25	2330	30	2190	35	2040	40	2000	45	1890		
7	3505	7519	65	7	9	99*	31D1	8	3	6686	9	0	2590	5	2590	10	2600	15	2690	20	2430	25	2170	30	2050	35	1920						
7	3505	7519	65	7	10	99*	31D1	10	3	6686	10	0	2600	5	2600	10	2640	15	2480	20	2330	25	2080	30	1870	35	1700	40	1590	45	1590		
7	3505	7519	65	7	12	99*	31D1	9	3	6686	11	0	2650	5	2640	10	2620	15	2630	20	2620	25	2520	30	2430	35	2330	40	1760				
7	3505	7519	65	7	13	99*	31D1	6	3	6686	13	0	2650	5	2650	10	2630	15	2620	20	2630	25	2520										
7	3505	7519	65	7	14	99*	31D1	10	3	6686	14	0	2690	5	2690	10	2690	15	2630	20	2630	25	2620	30	2560	35	2430	40	2150	45	2070		
7	3505	7519	65	7	15	99*	31D1	10	3	6686	15	0	2750	5	2730	10	2730	15	2740	20	2710	25	2690	30	2670	35	2540	40	2430	45	2100		
7	3505	7519	65	7	16	99*	31D1	10	3	6686	16	0	2750	5	2730	10	2720	15	2710	20	2700	25	2660	30	2390	35	2210	40	2190	45	2130		
7	3505	7519	65	7	17	99*	31D1	10	3	6686	17	0	2800	5	2740	10	2730	15	2700	20	2680	25	2520	30	2370	35	2260	40	2200	45	2170		
7	3505	7519	65	7	18	99*	31D1	10	3	6686	18	0	2750	5	2750	10	2730	15	2720	20	2710	25	2680	30	2510	35	2390	40	2300	45	2200		
7	3505	7519	65	7	19	99*	31D1	9	3	6686	19	0	2720	5	2720	10	2720	15	2830	20	2820	25	2650	30	2470	35	2210	40	2110				
7	3505	7519	65	7	20	175	31D1	9	3	6686	20	0	2750	5	2760	10	2780	15	2670	20	2460	25	2310	30	2270	35	2250	40	2230				
7	3505	7519	65	7	22	99*	31D1	9	3	6686	21	0	2720	5	2720	10	2730	15	2730	20	2740	25	2740	30	2720	35	2680	40	2580				
7	3505	7519	65	7	23	175	31D1	10	3	6686	22	0	2830	5	2810	10	2810	15	2810	20	2760	25	2690	30	2590	35	2410	40	2310	45	2210		
7	3505	7519	65	7	24	175	31D1	10	3	6686	23	0	2650	5	2670	10	2520	15	2340	20	2200	25	2110	30	2010	35	1880	40	1740	45	1710		
7	3505	7519	65	7	25	175	31D1	10	3	6686	24	0	2680	5	2680	10	2700	15	2640	20	2360	25	2180	30	1980	35	1780	40	1630	45	1630		
7	3505	7519	65	7	26	175	31D1	10	3	6686	25	0	2630	5	2630	10	2620	15	2620	20	2610	25	2610	30	2610	35	2420	40	2300	45	2090		
7	3505	7519	65	7	27	175	31D1	6	3	6686	26	0	2590	5	2590	10	2580	15	2590	20	2590	25	2590										
7	3505	7519	65	7	28	170	31D1	8	3	6686	27	0	2600	5	2620	10	2620	15	2630	20	2640	25	2650	30	2670	35	2680						
7	3505	7519	65	7	29	175	31D1	11	3	6686	28	0	2830	5	2840	10	2850	15	2850	20	2800	25	2710	30	2660	35	2630	40	2400	45	2180	50	2150
7	3505	7519	65	7	30	175	31D1	9	3	6686	29	0	2720	5	2740	10	2780	15	2760	20	2640	25	2600	30	2440	35	2220	40	2080				
7	3505	7519	65	7	31	175	31D1	9	3	6686	30	0	2700	5	2700	10	2700	15	2700	20	2700	25	2690	30	2630	35	2590	40	2570				
7	3505	7519	65	8	1	165	31D1	10	3	6722	1	0	2770	5	2760	10	2750	15	2750	20	2740	25	2730	30	2660	35	2460	40	2430	45	2200
7	3505	7519	65	8	2	165	31D1	10	3	6722	2	0	2700	5	2700	10	2700	15	2640	20	2500	25	2270	30	2100	35	2020	40	2000	45	1980
7	3505	7519	65	8	3	165	31D1	10	3	6722	3	0	2680	5	2660	10	2650	15	2630	20	2610	25	2580	30	2410	35	2080	40	1970	45	1930
7	3505	7519	65	8	4	165	31D1	10	3	6722	4	0	2730	5	2710	10	2710	15	2710	20	2720	25	2740	30	2710	35	2490	40	2430	45	2040
7	3505	7519	65	8	5	165	31D1	10	3	6722	5	0	2720	5	2710	10	2710	15	2720	20	2650	25	2570	30	2450	35	2190	40	2120	45	2090
7	3505	7519	65	8	6	165	31D1	10	3	6722	6	0	2690	5	2640	10	2630	15	2650	20	2650	25	2650	30	2620	35	2490	40	2330	45	2230
7	3505	7519	65	8	7	165	31D1	10	3	6722	7	0	2800	5	2800	10	2790	15	2720	20	2660	25	2570	30	2500	35	2360	40	2190	45	2150
7	3505	7519	65	8	8	165	31D1	10	3	6722	8	0	2790	5	2780	10	2780	15	2610	20	2420	25	2300	30	2050	35	1980	40	1960	45	1930
7	3505	7519	65	8	9	165	31D1	10	3	6722	9	0	2630	5	2720	10	2730	15	2730	20	2720	25	2700	30	2630	35	2530	40	2350	45	1980
7	3505	7519	65	8	10	165	31D1	10	3	6722	10	0	2700	5	2690	10	2700	15	2700	20	2620	25	2450	30	2230	35	1930	40	1740	45	1700
7	3505	7519	65	8	11	165	31D1	10	3	6722	11	0	2700	5	2700	10	2700	15	2710	20	2580	25	2570	30	2370	35	1830	40	1700	45	1640
7	3505	7519	65	8	12	165	31D1	10	3	6722	12	0	2640	5	2630	10	2620	15	2620	20	2600	25	2490	30	2270	35	2130	40	1980	45	1780
7	3505	7519	65	8	14	165	31D1	10	3	6722	14	0	2640	5	2610	10	2580	15	2570	20	2550	25	2500	30	2360	35	2060	40	1850	45	1800
7	3505	7519	65	8	15	165	31D1	10	3	6722	15	0	2700	5	2700	10	2700	15	2700	20	2700	25	2620	30	2580	35	2510	40	2450	45	2280
7	3505	7519	65	8	16	165	31D1	10	3	6722	16	0	2780	5	2770	10	2760	15	2730	20	2630	25	2540	30	2380	35	2330	40	2220	45	2200
7	3505	7519	65	8	17	165	31D1	4	3	6722	17	0	2790	5	2750	10	2750	15	2730												
7	3505	7519	65	8	18	165	31D1	10	3	6722	18	0	2750	5	2760	10	2750	15	2730	20	2700	25	2530	30	2350	35	2200	40	2080	45	1980		
7	3505	7519	65	8	19	165	31D1	10	3	6722	19	0	2730	5	2730	10	2730	15	2720	20	2710	25	2670	30	2590	35	2430	40	2290	45	2100		
7	3505	7519	65	8	20	165	31D1	11	3	6722	20	0	2700	5	2700	10	2690	15	2680	20	2680	25	2640	30	2600	35	2500	40	2330	45	2320	50	2310
7	3505	7519	65	8	21	165	31D1	10	3	6722	21	0	2710	5	2750	10	2750	15	2710	20	2630	25	2490	30	2380	35	2320	40	2300	45	2280		
7	3505	7519	65	8	22	165	31D1	10	3	6722	22	0	2820	5	2810	10	2720	15	2680	20	2660	25	2610	30	2500	35	2360	40	2300	45	2210		
7	3505	7519	65	8	23	165	31D1	10	3	6722	23	0	2620	5	2620	10	2610	15	2610	20	2600	25	2490	30	2400	35	2320	40	2210	45	2050		
7	3505	7519	65	8	24	165	31D1	9	3	6722	24	0	2810	5	2780	10	2770	15	2690	20	2680	25	2600	30	2490	35	2370	40	2360				
7	3505	7519	65	8	25	165	31D1	10	3	6722	25	0	2760	5	2780	10	2790	15	2790	20	2700	25	2520	30	2480	35	2380	40	2240	45	2000		
7	3505	7519	65	8	26	165	31D1	10	3	6722	26	0	2790	5	2790	10	2790	15	2700	20	2590	25	2450	30	2260	35	2010	40	1870	45	1740		
7	3505	7519	65	8	27	165	31D1	10	3	6722	27	0	2660	5	2680	10	2710	15	2710	20	2700	25	2520	30	2260	35	2170	40	1940	45	1910		
7	3505	7519	65	8	28	165	31D1	10	3	6722	28	0	2650	5	2630	10	2690	15	2690	20	2630	25	2380	30	2210	35	2130	40	1960	45	1800		
7	3505	7519	65	8	30	165	31D1	10	3	6722	30	0	2710	5	2710	10	2710	15	2710	20	2710	25	2500	30	2360	35	2240	40	2140	45	2110		
7	3505	7519	65	8	31	165	31D1	10	3	6722	31	0	2730	5	2730	10	2720	15	2720	20	2680	25	2590	30	2490	35	2380	40	2230	45	2190		
7	3505	7519	65	9	1	165	31D1	10	3	6704	1	0	2720	5	2720	10	2710	15	2710	20	2620	25	2580	30	2410	35	2310	40	2290	45	2230		
7	3505	7519	65	9	2	165	31D1	6	3	6704	2	0	2680	5	2680	10	2680	15	2560	20	2380	25	2270										
7	3505	7519	65	9	3	165	31D1	9	3	6704	3	0	2730	5	2740	10	2740	15	2730	20	2730	25	2670	30	2630	35	2580	40	2570				
7	3505	7519	65	9	7	165	31D1	8	3	6704	4	0	2770	5	2770	10	2770	15	2740	20	2620	25	2470	30	2470	35	2370				
7	3505	7519	65	9	9	165	31D1	8	3	6704	6	0	2820	5	2790	10	2790	15	2790	20	2730	25	2720	30	2710	35	2710				
7	3505	7519	65	9	12	165	31D1	8	3	6704	9	0	2670	5	2670	10	2670	15	2670	20	2670	25	2670	30	2660	35	2640				
7	3505	7519	65	9	14	165	31D1	8	3	6704	11	0	2770	5	2720	10	2670	15	2630	20	2620	25	2580	30	2530	35	2520				
7	3505	7519	65	9	15	165	31D1	8	3	6704	12	0	2590	5	2620	10	2730	15	2730	20	2730	25	2730	30	2670	35	2650				
7	3505	7519	65	9	16	165	31D1	8	3	6704	13	0	2850	5	2850	10	2840	15	2830	20	2820	25	2820	30	2810	35	2780				
7	3505	7519	65	9	17	165	31D1	7	3	6704	14	0	2760	5	2730	10	2720	15	2710	20	2710	25	2630	30	2540						
7	3505	7519	65	9	18	165	31D1	8	3	6704	15	0	2780	5	2770	10	2750	15	2750	20	2740	25	2730	30	2720	35	2700				
7	3505	7519	65	9	19	165	31D1	8	3	6704	16	0	2750	5	2720	10	2660	15	2690	20	2690	25	2690	30	2690	35	2700				
7	3505	7519	65	9	20	165	31D1	8	3	6704	17	0	2710	5	2720	10	2720	15	2720	20	2700	25	2690	30	2680	35	2680				
7	3505	7519	65	9	21	165	31D1	9	3	6704	18	0	2960	5	2930	10	2900	15	2880	20	2850	25	2750	30	2710	35	2710	40	2630		
7	3505	7519	65	9	22	165	31D1	9	3	6704	19	0	2790	5	2770	10	2700	15	2700	20	2680	25	2660	30	2630	35	2450	40	2750		
7	3505	7519	65	9	23	165	31D1	10	3	6704	20	0	2810	5	2810	10	2790	15	2790	20	2790	25	2740	30	2700	35	2630	40	2460	45	2410
7	3505	7519	65	9	25	165	31D1	10	3	6704	22	0	2780	5	2770	10	2790	15	2780	20	2780	25	2780	30	2770	35	2670	40	2610	45	2450
7	3505	7519	65	9	26	165	31D1	9	3	6704	23	0	2700	5	2700	10	2700	15	2700	20	2650	25	2610	30	2610	35	2610	40	2610		
7	3505	7519	65	9	27	165	31D1	9	3	6704	24	0	2710	5	2710	10	2710	15	2710	20	2710	25	2710	30	2710	35	2710	40	2710		
7	3505	7519	65	9	29	165	31D1	9	3	6704	26	0	2320	5	2310	10	2300	15	2310	20	2330	25	2340	30	2420	35	2470	40	2500				
7	3505	7519	65	9	30	165	31D1	9	3	6704	27	0	2400	5	2400	10	2400	15	2460	20	2570	25	2590	30	2610	35	2640	40	2650				
7	3505	7519	65	9	99	165	31D1	8	3	6704	10	0	2830	5	2830	10	2800	15	2790	20	2780	25	2770	30	2770	35	2740						
7	3505	7519	65	10	1	175	31D1	5	3	6723	1	0	2350	5	2350	10	2370	15	2380	20	2390												
7	3505	7519	65	10	2	175	31D1	11	3	6723	2	0	2610	5	2610	10	2610	15	2610	20	2610	25	2610	30	2610	35	2600	40	2550	45	2350	50	2140
7	3505	7519	65	10	3	175	31D1	10	3	6723	3	0	2510	5	2530	10	2560	15	2620	20	2620	25	2630	30	2610	35	2590	40	2590	45	2340		
7	3505	7519	65	10	4	175	31D1	10	3	6723	4	0	2320	5	2320	10	2340	15	2370	20	2400	25	2420	30	2420	35	2490	40	2510	45	2510		
7	3505	7519	65	10	5	175	31D1	10	3	6723	5	0	2210	5	2230	10	2250	15	2330	20	2410	25	2420	30	2410	35	2410	40	2410	45	2330		
7	3505	7519	65	10	6	175	31D1	10	3	6723	6	0	2200	5	2260	10	2270	15	2200	20	2150	25	2130	30	2150	35	2170	40	2170	45	2170		
7	3505	7519	65	10	9	175	31D1	10	3	6723	8	0	2480	5	2480	10	2480	15	2480	20	2480	25	2480	30	2490	35	2490	40	2490	45	2460		
7	3505	7519	65	10	10	175	31D1	10	3	6723	9	0	2510	5	2510	10	2510	15	2520	20	2510	25	2490	30	2470	35	2430	40	2420	45	2350		
7	3505	7519	65	10	14	175	31D1	10	3	6723	13	0	2590	5	2590	10	2580	15	2570	20	2500	25	2460	30	2410	35	2400	40	2380	45	2370		
7	3505	7519	65	10	15	175	31D1	10	3	6723	14	0	2570	5	2590	10	2590	15	2590	20	2590	25	2590	30	2510	35	2430	40	2420	45	2250		
7	3505	7519	65	10	16	175	31D1	10	3	6723	15	0	2580	5	2580	10	2580	15	2570	20	2550	25	2520	30	2450	35	2390	40	2360	45	2310		
7	3505	7519	65	10	18	175	31D1	10	3	6723	17	0	2560	5	2550	10	2520	15	2520	20	2510	25	2510	30	2510	35	2510	40	2510	45	2460		
7	3505	7519	65	10	19	175	31D1	10	3	6723	18	0	2580	5	2580	10	2570	15	2570	20	2570	25	2550	30	2520	35	2420	40	2420	45	2400		
7	3505	7519	65	10	22	175	31D1	10	3	6723	21	0	2140	5	2210	10	2460	15	2620	20	2610	25	2600	30	2570	35	2460	40	2420	45	2400
7	3505	7519	65	10	23	175	31D1	10	3	6723	22	0	2280	5	2410	10	2490	15	2500	20	2520	25	2500	30	2470	35	2360	40	2320	45	2220
7	3505	7519	65	10	24	175	31D1	10	3	6723	23	0	2070	5	2070	10	2110	15	2180	20	2230	25	2290	30	2260	35	2200	40	2150	45	2140
7	3505	7519	65	10	25	175	31D1	10	3	6723	24	0	2020	5	2030	10	2050	15	2080	20	2100	25	2120	30	2160	35	2200	40	2320	45	2380
7	3505	7519	65	10	26	175	31D1	10	3	6723	25	0	2590	5	2590	10	2590	15	2580	20	2510	25	2450	30	2400	35	2390	40	2390	45	2390
7	3505	7519	65	10	28	175	31D1	10	3	6723	27	0	2210	5	2400	10	2400	15	2400	20	2400	25	2390	30	2380	35	2310	40	2300	45	2300
7	3505	7519	65	10	30	175	31D1	10	3	6723	28	0	2250	5	2260	10	2270	15	2270	20	2270	25	2280	30	2290	35	2300	40	2310	45	2310
7	3505	7519	65	10	31	175	31D1	10	3	6723	29	0	2320	5	2400	10	2410	15	2320	20	2220	25	2210	30	2210	35	2210	40	2210	45	2210
7	3505	7519	65	11	1	175	31D1	10	3	6732	1	0	2430	5	2430	10	2450	15	2470	20	2470	25	2460	30	2440	35	2420	40	2410	45	2410
7	3505	7519	65	11	3	175	31D1	10	3	6732	3	0	2510	5	2500	10	2430	15	2400	20	2370	25	2290	30	2310	35	2340	40	2340	45	2330
7	3505	7519	65	11	4	175	31D1	10	3	6732	4	0	2380	5	2380	10	2300	15	2260	20	2240	25	2220	30	2210	35	2210	40	2210	45	2210
7	3505	7519	65	11	5	175	31D1	10	3	6732	5	0	2370	5	2370	10	2350	15	2310	20	2280	25	2190	30	2120	35	2090	40	2100	45	2100
7	3505	7519	65	11	6	175	31D1	10	3	6732	6	0	2230	5	2230	10	2230	15	2230	20	2230	25	2230	30	2200	35	2140	40	2000	45	1720
7	3505	7519	65	11	7	175	31D1	9	3	6732	7	0	2530	5	2540	10	2550	15	2560	20	2550	25	2550	30	2540	35	2480	40	2480		
7	3505	7519	65	11	8	175	31D1	9	3	6732	8	0	2570	5	2560	10	2560	15	2540	20	2500	25	2420	30	2320	35	2310	40	2270		
7	3505	7519	65	11	9	175	31D1	10	3	6732	9	0	2230	5	2240	10	2300	15	2390	20	2390	25	2380	30	2340	35	2330	40	2330	45	2150
7	3505	7519	65	11	10	175	31D1	10	3	6732	10	0	2180	5	2190	10	2190	15	2190	20	2190	25	2200	30	2200	35	2210	40	2210	45	2210
7	3505	7519	65	11	11	175	31D1	10	3	6732	11	0	2400	5	2400	10	2400	15	2410	20	2410	25	2400	30	2400	35	2390	40	2340	45	2330
7	3505	7519	65	11	12	175	31D1	10	3	6732	12	0	2490	5	2490	10	2490	15	2440	20	2320	25	2310	30	2240	35	2130	40	2170	45	2180
7	3505	7519	65	11	13	175	31D1	10	3	6732	13	0	1730	5	1720	10	1720	15	1710	20	1720	25	1750	30	1760	35	1820	40	1920	45	2200
7	3505	7519	65	11	14	175	31D1	10	3	6732	14	0	2140	5	2140	10	2140	15	2140	20	2130	25	2130	30	2130	35	2020	40	1980	45	1960
7	3505	7519	65	11	15	175	31D1	9	3	6732	15	0	2500	5	2500	10	2500	15	2510	20	2510	25	2510	30	2510	35	2450	40	2400		
7	3505	7519	65	11	16	175	31D1	10	3	6732	16	0	2470	5	2470	10	2470	15	2480	20	2480	25	2480	30	2450	35	2370	40	2360	45	2350
7	3505	7519	65	11	17	175	31D1	10	3	6732	17	0	2320	5	2320	10	2340	15	2350	20	2350	25	2340	30	2210	35	2100	40	1870	45	1870
7	3505	7519	65	11	18	175	31D1	10	3	6732	18	0	2100	5	2100	10	2100	15	2100	20	2090	25	2090	30	2070	35	2030	40	2020	45	2010
7	3505	7519	65	11	19	175	31D1	9	3	6732	19	0	1880	5	1880	10	1900	15	1940	20	2070	25	2230	30	2260	35	2190	40	2150		
7	3505	7519	65	11	20	175	31D1	9	3	6732	20	0	1630	5	1690	10	1730	15	1860	20	1900	25	1860	30	1850	35	1850	40	1860		
7	3505	7519	65	11	22	175	31D1	9	3	6732	22	0	2100	5	2100	10	2110	15	2090	20	2040	25	2010	30	2000	35	1980	40	1970		
7	3505	7519	65	11	23	175	31D1	7	3	6732	23	0	2110	5	2110	10	2130	15	2110	20	2100	25	2070	30	2060						
7	3505	7519	65	11	24	175	31D1	9	3	6732	24	0	1990	5	2000	10	2000	15	1960	20	1910	25	1830	30	1690	35	1540	40	1520		
7	3505	7519	65	11	25	175	31D1	9	3	6732	25	0	1740	5	1780	10	1810	15	1890	20	1900	25	1900	30	1880	35	1830	40	1810		
7	3505	7519	65	11	26	175	31D1	9	3	6732	26	0	2320	5	2320	10	2300	15	2300	20	2260	25	2240	30	2230	35	2150	40	2130		
7	3505	7519	65	11	28	175	31D1	9	3	6732	28	0	2250	5	2250	10	2210	15	2160	20	2120	25	2100	30	2080	35	2070	40	2080
7	3505	7519	65	11	29	175	31D1	6	3	6732	29	0	2080	5	2080	10	2090	15	2060	20	2050	25	2060						
7	3505	7519	65	11	30	175	31D1	6	3	6732	30	0	2100	5	2110	10	2110	15	2110	20	2110	25	2120						
7	3505	7519	65	12	1	175	31D1	9	3	7115	1	0	2120	5	2130	10	2140	15	2120	20	2100	25	2080	30	2050	35	1990	40	1950
7	3505	7519	65	12	2	175	31D1	8	3	7115	2	0	1630	5	1650	10	1690	15	1770	20	1800	25	1790	30	1800	35	1830		
7	3505	7519	65	12	3	175	31D1	5	3	7115	3	0	2360	5	2350	10	2350	15	2350	20	2340								
7	3505	7519	65	12	4	175	31D1	7	3	7115	4	0	2300	5	2300	10	2300	15	2300	20	2250	25	2080	30	1800				
7	3505	7519	65	12	5	175	31D1	8	3	7115	5	0	2090	5	2090	10	2090	15	2090	20	2090	25	2090	30	2090	35	2090		
7	3505	7519	65	12	6	175	31D1	8	3	7115	6	0	2010	5	2010	10	2010	15	2020	20	2020	25	2020	30	1960	35	1950		
7	3505	7519	65	12	7	175	31D1	9	3	7115	7	0	2210	5	2270	10	2280	15	2270	20	2270	25	2270	30	2220	35	2130	40	1960
7	3505	7519	65	12	9	175	31D1	5	3	7115	9	0	1450	5	1470	10	1470	15	1460	20	1460								
7	3505	7519	65	12	10	175	31D1	9	3	7115	10	0	2390	5	2360	10	2360	15	2360	20	2340	25	2270	30	2190	35	1800	40	1540
7	3505	7519	65	12	11	175	31D1	9	3	7115	11	0	2310	5	2310	10	2310	15	2310	20	2320	25	2280	30	2030	35	2010	40	2010
7	3505	7519	65	12	12	175	31D1	9	3	7115	12	0	2220	5	2220	10	2220	15	2220	20	2210	25	2200	30	2180	35	2140	40	2130
7	3505	7519	65	12	13	175	31D1	8	3	7115	13	0	1390	5	1390	10	1380	15	1380	20	1460	25	1510	30	1530	35	1580		
7	3505	7519	65	12	15	175	31D1	7	3	7115	15	0	1350	5	1320	10	1320	15	1320	20	1320	25	1320	30	1330				
7	3505	7519	65	12	16	175	31D1	9	3	7115	16	0	1290	5	1290	10	1290	15	1300	20	1310	25	1320	30	1400	35	1430	40	1430
7	3505	7519	65	12	17	175	31D1	8	3	7115	17	0	1220	5	1220	10	1220	15	1220	20	1220	25	1220	30	1270	35	1280		
7	3505	7519	65	12	18	175	31D1	8	3	7115	18	0	1230	5	1230	10	1230	15	1240	20	1240	25	1240	30	1240	35	1240		
7	3505	7519	65	12	19	175	31D1	9	3	7115	19	0	2220	5	2220	10	1710	15	1660	20	1590	25	1580	30	1560	35	1540	40	1530
7	3505	7519	65	12	20	175	31D1	9	3	7115	20	0	1190	5	1190	10	1190	15	1190	20	1190	25	1190	30	1190	35	1190	40	1190
7	3505	7519	65	12	21	175	31D1	9	3	7115	21	0	1150	5	1160	10	1160	15	1170	20	1180	25	1240	30	1420	35	1680	40	1700
7	3505	7519	65	12	22	175	31D1	6	3	7115	22	0	2240	5	2250	10	2220	15	2100	20	1970	25	1940						
7	3505	7519	65	12	27	175	31D1	6	3	7115	25	0	1250	5	1250	10	1240	15	1250	20	1260	25	1270						
7	3505	7519	65	12	29	175	31D1	9	3	7115	27	0	2270	5	2240	10	2230	15	2220	20	2210	25	2200	30	2170	35	2150	40	2120
7	3505	7519	65	12	30	175	31D1	7	3	7115	28	0	2170	5	2170	10	2170	15	2120	20	2050	25	2020	30	2020				
7	3505	7519	65	12	31	175	31D1	8	3	7115	29	0	2410	5	2420	10	2400	15	2320	20	2210	25	2130	30	2040	35	2010		
7	3505	7519	66	1	3	175	31D1	6	3	9068	3	0	2300	5	2240	10	2220	15	2210	20	2070	25	1700						
7	3505	7519	66	1	4	175	31D1	8	3	9068	4	0	1870	5	1840	10	1860	15	1870	20	1870	25	1870	30	1870	35	1860		
7	3505	7519	66	1	5	175	31D1	6	3	9068	5	0	2250	5	2250	10	2250	15	2220	20	2130	25	1950						
7	3505	7519	66	1	6	175	31D1	8	3	9068	6	0	2130	5	2120	10	2120	15	2130	20	2130	25	2140	30	2140	35	2140		
7	3505	7519	66	1	7	175	31D1	8	3	9068	7	0	2050	5	2060	10	2070	15	2080	20	2080	25	2080	30	2080	35	2070		
7	3505	7519	66	1	9	175	31D1	8	3	9068	9	0	1220	5	1230	10	1240	15	1250	20	1290	25	1380	30	1450	35	1490		
7	3505	7519	66	1	10	175	31D1	8	3	9068	10	0	2290	5	2290	10	2290	15	2290	20	2200	25	2100	30	2010	35	1900		
7	3505	7519	66	1	11	175	31D1	8	3	9068	11	0	2030	5	2030	10	2030	15	2030	20	2030	25	2020	30	2010	35	2010		
7	3505	7519	66	1	12	175	31D1	7	3	9068	12	0	1900	5	1940	10	1970	15	1990	20	1990	25	1940	30	1920				
7	3505	7519	66	1	13	175	31D1	7	3	9068	13	0	1440	5	1440	10	1440	15	1390	20	1280	25	1270	30	1220				
7	3505	7519	66	1	14	175	31D1	8	3	9068	14	0	2110	5	2110	10	2110	15	2070	20	2030	25	2000	30	1990	35	1990		
7	3505	7519	66	1	20	175	31D1	8	3	9068	15	0	1090	5	1090	10	1110	15	1170	20	1270	25	1430	30	1600	35	1680		
7	3505	7519	66	1	21	175	31D1	8	3	9068	16	0	770	5	780	10	780	15	790	20	820	25	870	30	990	35	990		
7	3505	7519	66	1	24	175	31D1	8	3	9068	17	0	730	5	730	10	730	15	730	20	1000	25	1400	30	1520	35	1520		
7	3505	7519	66	1	25	175	31D1	8	3	9068	18	0	730	5	730	10	740	15	760	20	780	25	780	30	790	35	770		
7	3505	7519	66	1	29	175	31D1	8	3	9068	20	0	2010	5	2020	10	2000	15	1400	20	1190	25	1180	30	1190	35	1170		
7	3505	7519	66	1	99	175	31D1	9	3	9068	19	0	680	5	690	10	710	15	710	20	720	25	720	30	720	35	720	40	710
7	3505	7519	66	2	3	175	31D1	5	3	7152	3	0	1080	5	1100	10	1100	15	1120	20	1110								
7	3505	7519	66	2	4	175	31D1	9	3	7152	4	0	900	5	900	10	930	15	1000	20	1050	25	1150	30	1200	35	1220	40	1220
7	3505	7519	66	2	5	175	31D1	8	3	7152	5	0	710	5	720	10	730	15	730	20	780	25	840	30	920	35	950		
7	3505	7519	66	2	6	175	31D1	9	3	7152	6	0	530	5	510	10	500	15	500	20	500	25	500	30	500	35	500	40	500
7	3505	7519	66	2	7	175	31D1	9	3	7152	7	0	520	5	510	10	540	15	560	20	560	25	560	30	560	35	570	40	580								
7	3505	7519	66	3	5	175	31D1	12	3	7153	5	0	1510	5	1750	10	2000	15	2010	20	1990	25	1980	30	1970	35	1930	40	1860	45	1790	50	1790	55	1750		
7	3505	7519	66	3	7	175	31D1	11	3	7153	7	0	1620	5	1620	10	1610	15	1600	20	1610	25	1650	30	1680	35	1710	40	1720	45	1720	50	1720				
7	3505	7519	66	3	9	175	31D1	12	3	7153	9	0	1610	5	1610	10	1610	15	1610	20	1610	25	1610	30	1610	35	1610	40	1640	45	1660	50	1680	55	1690		
7	3505	7519	66	3	10	175	31D1	12	3	7153	10	0	890	5	890	10	890	15	890	20	890	25	910	30	960	35	1030	40	1090	45	1190	50	1280	55	1330		
7	3505	7519	66	3	11	175	31D1	11	3	7153	11	0	790	5	760	10	790	15	810	20	910	25	1380	30	1580	35	1600	40	1600	45	1600	50	1600				
7	3505	7519	66	3	12	175	31D1	11	3	7153	12	0	940	5	1600	10	1850	15	1850	20	1860	25	1830	30	1820	35	1820	40	1820	45	1820	50	1820				
7	3505	7519	66	3	13	175	31D1	11	3	7153	13	0	800	5	800	10	770	15	810	20	1130	25	1310	30	1510	35	1580	40	1580	45	1580	50	1580				
7	3505	7519	66	3	14	175	31D1	11	3	7153	14	0	700	5	690	10	690	15	690	20	690	25	690	30	690	35	710	40	830	45	880	50	970				
7	3505	7519	66	3	15	175	31D1	13	3	7153	15	0	690	5	690	10	690	15	690	20	690	25	710	30	720	35	750	40	780	45	860	50	980	551	70	601	40
7	3505	7519	66	3	19	175	31D1	12	3	7153	19	0	730	5	700	10	670	15	1210	20	1070	25	890	30	880	35	880	40	880	45	880	50	880	55	890		
7	3505	7519	66	3	20	175	31D1	7	3	7153	20	0	830	5	750	10	730	15	770	20	870	25	970	30	960												
7	3505	7519	66	3	21	175	31D1	12	3	7153	21	0	1010	5	990	10	1090	15	1290	20	1350	25	1200	30	1220	35	1110	40	1140	45	1210	50	1310	55	1310		
7	3505	7519	66	3	23	175	31D1	11	3	7153	23	0	990	5	1650	10	1990	15	2050	20	2010	25	1910	30	1890	35	1880	40	1890	45	1880	50	1710				
7	3505	7519	66	3	25	175	31D1	11	3	7153	25	0	1560	5	1580	10	1580	15	1580	20	1580	25	1590	30	1590	35	1590	40	1590	45	1590	50	1590				
7	3505	7519	66	3	26	175	31D1	12	3	7153	26	0	1980	5	1970	10	1990	15	1990	20	1990	25	1970	30	1930	35	1930	40	1930	45	1930	50	1900	55	1810		
7	3505	7519	66	3	28	175	31D1	12	3	7153	28	0	1290	5	1290	10	1290	15	1300	20	1320	25	1350	30	1410	35	1460	40	1470	45	1500	50	1580	55	1620		
7	3505	7519	66	3	29	125	31D1	12	3	7153	29	0	950	5	930	10	950	15	1020	20	1150	25	1160	30	1150	35	1250	40	1380	45	1400	50	1420	55	1420		
7	3505	7519	66	3	30	175	31D1	11	3	7153	30	0	850	5	920	10	910	15	1370	20	1390	25	1440	30	1500	35	1490	40	1680	45	1710	50	1720				
7	3505	7519	66	3	31	175	31D1	12	3	7153	31	0	1190	5	1190	10	1200	15	1250	20	1390	25	1710	30	1780	35	1730	40	1640	45	1620	50	1610	55	1610		
7	3505	7519	66	4	2	175	31D1	11	3	7154	2	0	1180	5	1180	10	1210	15	1290	20	1390	25	1410	30	1450	35	1490	40	1650	45	1650	50	1620				
7	3505	7519	66	4	3	175	31D1	11	3	7154	3	0	1240	5	1230	10	1220	15	1230	20	1230	25	1360	30	1380	35	1380	40	1380	45	1430	50	1510				
7	3505	7519	66	4	5	175	31D1	11	3	7154	5	0	1120	5	1120	10	1120	15	1120	20	1130	25	1170	30	1180	35	1180	40	1180	45	1210	50	1210				
7	3505	7519	66	4	6	175	31D1	12	3	7154	6	0	990	5	990	10	1010	15	1040	20	1050	25	1070	30	1330	35	1380	40	1380	45	1420	50	1470	55	1510		
7	3505	7519	66	4	7	175	31D1	12	3	7154	7	0	1130	5	1130	10	1090	15	1120	20	1170	25	1290	30	1420	35	1480	40	1480	45	1510	50	1530	55	1560		
7	3505	7519	66	4	8	175	31D1	11	3	7154	8	0	1400	5	1400	10	1390	15	1380	20	1380	25	1380	30	1380	35	1380	40	1380	45	1520	50	1590				
7	3505	7519	66	4	9	175	31D1	11	3	7154	9	0	1450	5	1450	10	1450	15	1410	20	1390	25	1380	30	1370	35	1440	40	1660	45	1730	50	1730				
7	3505	7519	66	4	11	175	31D1	12	3	7154	11	0	970	5	970	10	960	15	1290	20	1380	25	1400	30	1580	35	1660	40	1670	45	1680	50	1680	55	1670		
7	3505	7519	66	4	15	175	31D1	12	3	7154	15	0	950	5	910	10	910	15	1120	20	1240	25	1420	30	1400	35	1380	40	1370	45	1340	50	1390	55	1420		
7	3505	7519	66	4	17	175	31D1	13	3	7154	17	0	1150	5	1310	10	1370	15	1390	20	1460	25	1610	30	1760	35	1800	40	1820	45	1830	50	1800	55	1850	60	1830
7	3505	7519	66	4	18	175	31D1	12	3	7154	18	0	2300	5	2290	10	2290	15	2270	20	2210	25	2100	30	2050	35	2000	40	1920	45	1890	50	1880	55	1860		
7	3505	7519	66	4	19	175	31D1	12	3	7154	19	0	1390	5	1770	10	2110	15	2130	20	2100	25	2030	30	1970	35	1860	40	1830	45	1820	50	1820	55	1810		
7	3505	7519	66	4	20	175	31D1	11	3	7154	20	0	1390	5	1370	10	1430	15	1870	20	2000	25	1860	30	1830	35	1820	40	1810	45	1800	50	1800				
7	3505	7519	66	4	21	175	31D1	11	3	7154	21	0	1450	5	1600	10	1840	15	1810	20	1800	25	1870	30	1910	35	1920	40	1850	45	1850	50	1830				
7	3505	7519	66	4	22	175	31D1	11	3	7154	22	0	1310	5	1450	10	1860	15	1900	20	1910	25	1760	30	1950	35	1890	40	1850	45	1850	50	1850				
7	3505	7519	66	4	23	175	31D1	12	3	7154	23	0	1350	5	1610	10	1810	15	1980	20	1970	25	1880	30	1900	35	1830	40	1890	45	1890	50	1900	55	1880		
7	3505	7519	66	4	24	175	31D1	11	3	7154	24	0	1510	5	1650	10	1900	15	1960	20	1920	25	1890	30	1850	35	1820	40	1820	45	1820	50	1820				
7	3505	7519	66	4	25	175	31D1	11	3	7154	25	0	1560	5	1570	10	1650	15	2130	20	2090	25	1840	30	1910	35	1860	40	1820	45	1810	50	1810				
7	3505	7519	66	4	26	175	31D1	11	3	7154	26	0	1500	5	1500	10	1560	15	2050	20	2060	25	2020	30	1960	35	1890	40	1870	45	1830	50	1820				
7	3505	7519	66	4	27	175	31D1	12	3	7154	27	0	1620	5	1690	10	1890	15	2080	20	2060	25	2020	30	1990	35	1910	40	1880	45	1840	50	1830	55	1820		
7	3505	7519	66	4	28	175	31D1	12	3	7154	28	0	1600	5	1660	10	1700	15	1760	20	1810	25	1820	30	1820	35	1820	40	1820	45	1820	50	1820	55	1820		
7	3505	7519	66	4	29	175	31D1	11	3	7154	29	0	1250	5	1210	10	1090	15	1020	20	1020	25	1040	30	1140	35	1220	40	1240	45	1240	50	1240				
7	3505	7519	66	4	30	175	31D1	13	3	7154	30	0	1090	5	1070	10	1050	15	1030	20	1020	25	1030	30	1040	35	1100	40	1170	45	1080	50	1090	55	1070	60	1000
7	3505	7519	66	5	1	165	31D1	12	3	7155	1	0	1260	5	1070	10	1060	15	1040	20	1250	25	1310	30	1270	35	1250	40	1220	45	1270	50	1280	55	1280		
7	3505	7519	66	5	3	165	31D1	11	3	7155	3	0	1120	5	1130	10	1130	15	1120	20	1110	25	1120	30	1120	35	1120	40	1130	45	1190	50	1220				
7	3505	7519	66	5	5	165	31D1	13	3	7155	5	0	1400	5	1410	10	1920	15	2100	20	2150	25	2130	30	2050	35	1910	40	1710	45	1700	50	1870	55	1850	60	1820
7	3505	7519	66	5	6	165	31D1	11	3	7155	6	0	1320	5	1310	10	1320	15	1410	20	1530	25	1570	30	1570	35	1590	40	1580	45	1620	50	1710				
7	3505	7519	66	5	7	165	31D1	11	3	7155	7	0	1410	5	1400	10	1350	15	1320	20	1260	25	1410	30	1580	35	1780	40	1880	45	1870	50	1870				
7	3505	7519	66	5	8	165	31D1	11	3	7155	8	0	1480	5	1470	10	1560	15	1690	20	1750	25	1860	30	2020	35	2010	40	1950	45	1860	50	1820				
7	3505	7519	66	5	9	165	31D1	11	3	7155	9	0	1610	5	1600	10	1490	15	1650	20	1880	25	2010	30	2010	35	1990	40	1870	45	1760	50	1720				
7	3505	7519	66	5	12	165	31D1	11	3	7155	12	0	2400	5	2400	10	2400	15	2380	20	2330	25	2000	30	2040	35	2120	40	2190	45	2200	50	2200				
7	3505	7519	66	5	13	165	31D1	11	3	7155	13	0	2360	5	2350	10	2330	15	2270	20	2220	25	2170	30	2190	35	2140	40	2080	45	1980	50	1980				
7	3505	7519	66	5	14	165	31D1	11	3	7155	14	0	2430	5	2430	10	2430	15	2420	20	2340	25	2300	30	2250	35	2160	40	2150	45	2140	50	2140				
7	3505	7519	66	5	16	165	31D1	11	3	7155	16	0	1420	5	1420	10	1450	15	1480	20	1540	25	1870	30	1850	35	1820	40	1830	45	1870	50	1990				
7	3505	7519	66	5	17	165	31D1	13	3	7155	17	0	1410	5	1370	10	1520	15	1600	20	1870	25	1910	30	1980	35	2040	40	2070	45	2080	50	2050	55	2050	60	2010
7	3505	7519	66	5	18	165	31D1	11	3	7155	18	0	1750	5	1850	10	1950	15	1780	20	1810	25	2050	30	2100	35	2250	40	2220	45	2180	50	2170				
7	3505	7519	66	5	19	165	31D1	11	3	7155	19	0	2280	5	2250	10	2250	15	2250	20	2250	25	2260	30	2250	35	2190	40	2120	45	2080	50	2060				
7	3505	7519	66	5	20	165	31D1	11	3	7155	20	0	2010	5	2070	10	2200	15	2210	20	2200	25	2120	30	2110	35	2110	40	2110	45	2110	50	2110				
7	3505	7519	66	5	21	165	31D1	12	3	7155	21	0	2130	5	2130	10	2160	15	2410	20	2410	25	2390	30	2300	35	2220	40	2210	45	2190	50	2180	55	2150		
7	3505	7519	66	5	22	165	31D1	11	3	7155	22	0	2140	5	2240	10	2300	15	2320	20	2320	25	2310	30	2240	35	2180	40	2080	45	2070	50	2170				
7	3505	7519	66	5	24	165	31D1	11	3	7155	24	0	2210	5	2220	10	2220	15	2210	20	2200	25	2170	30	2160	35	2130	40	2100	45	2100	50	2110				
7	3505	7519	66	5	25	165	31D1	11	3	7155	25	0	2330	5	2330	10	2330	15	2330	20	2300	25	2180	30	2120	35	2090	40	2080	45	2050	50	2050				
7	3505	7519	66	5	26	165	31D1	11	3	7155	26	0	2290	5	2290	10	2310	15	2320	20	2330	25	2310	30	2270	35	2260	40	2260	45	2260	50	2250				
7	3505	7519	66	5	27	165	31D1	11	3	7155	27	0	2310	5	2310	10	2220	15	2200	20	2240	25	2270	30	2220	35	2210	40	2220	45	2220	50	2220				
7	3505	7519	66	5	28	165	31D1	12	3	7155	28	0	2150	5	2050	10	1910	15	1990	20	2020	25	1930	30	1910	35	1910	40	1920	45	1920	50	1910	55	1900		
7	3505	7519	66	5	29	165	31D1	12	3	7155	29	0	2110	5	2130	10	2340	15	2280	20	2220	25	2120	30	2090	35	2050	40	2030	45	2030	50	2030	55	2020		
7	3505	7519	66	5	30	165	31D1	11	3	7155	30	0	2200	5	2210	10	2300	15	2260	20	2250	25	2150	30	2120	35	2070	40	2070	45	2070	50	2070				
7	3505	7519	66	5	31	165	31D1	11	3	7155	31	0	2130	5	2130	10	2130	15	2130	20	2120	25	2190	30	2270	35	2180	40	2080	45	2040	50	2030				
7	3505	7519	66	6	1	165	31D1	11	3	9017	1	0	2450	5	2480	10	2480	15	2440	20	2410	25	2410	30	2400	35	2340	40	2190	45	2110	50	2100				
7	3505	7519	66	6	2	165	31D1	12	3	9017	2	0	2510	5	2510	10	2500	15	2430	20	2380	25	2330	30	2310	35	2280	40	2200	45	2150	50	2160	55	2140		
7	3505	7519	66	6	3	165	31D1	12	3	9017	3	0	2540	5	2530	10	2530	15	2530	20	2530	25	2460	30	2400	35	2270	40	2150	45	2120	50	2110	55	2110		
7	3505	7519	66	6	4	165	31D1	11	3	9017	4	0	2480	5	2480	10	2440	15	2300	20	2220	25	2150	30	2120	35	2170	40	2210	45	2240	50	2220				
7	3505	7519	66	6	5	165	31D1	11	3	9017	5	0	2200	5	2410	10	2390	15	2280	20	2280	25	2300	30	2300	35	2310	40	2310	45	2310	50	2320				
7	3505	7519	66	6	6	165	31D1	12	3	9017	6	0	2580	5	2520	10	2510	15	2410	20	2410	25	2400	30	2320	35	2100	40	2010	45	2000	50	2000	55	1990		
7	3505	7519	66	6	7	165	31D1	11	3	9017	7	0	2470	5	2420	10	2410	15	2390	20	2220	25	2030	30	1860	35	1800	40	1790	45	1780	50	1700				
7	3505	7519	66	6	8	165	31D1	12	3	9017	8	0	2350	5	2430	10	2410	15	2230	20	2120	25	2040	30	1980	35	1910	40	1710	45	1670	50	1620	55	1610		
7	3505	7519	66	6	9	165	31D1	11	3	9017	9	0	2330	5	2330	10	2420	15	2420	20	2410	25	2370	30	2030	35	1740	40	1660	45	1620	50	1620				
7	3505	7519	66	6	13	165	31D1	13	3	9017	10	0	1930	5	1920	10	1920	15	1920	20	1920	25	1920	30	1930	35	1940	40	1950	45	1960	50	1980	55	1990	60	1980
7	3505	7519	66	6	14	165	31D1	9	3	9017	11	0	2050	5	2010	10	1980	15	1930	20	1950	25	1980	30	2000	35	1990	40	2120								
7	3505	7519	66	6	15	165	31D1	12	3	9017	12	0	2260	5	2260	10	2230	15	2180	20	2190	25	2190	30	2190	35	2190	40	2200	45	2200	50	2210	55	2180		
7	3505	7519	66	6	16	165	31D1	11	3	9017	13	0	2250	5	2260	10	2250	15	2230	20	2220	25	2140	30	2010	35	1930	40	1980	45	1940	50	1850				
7	3505	7519	66	6	17	165	31D1	12	3	9017	14	0	2330	5	2310	10	2310	15	2320	20	2330	25	2330	30	2230	35	2220	40	2090	45	2010	50	2010	55	1930		
7	3505	7519	66	6	18	165	31D1	12	3	9017	15	0	2330	5	2330	10	2310	15	2300	20	2300	25	2300	30	2290	35	2290	40	2300	45	2250	50	2180	55	2030		
7	3505	7519	66	6	19	165	31D1	12	3	9017	16	0	2350	5	2350	10	2370	15	2420	20	2420	25	2430	30	2430	35	2430	40	2420	45	2380	50	2180	55	2100		
7	3505	7519	66	6	20	165	31D1	12	3	9017	17	0	2290	5	2290	10	2300	15	2240	20	2230	25	2230	30	2230	35	2240	40	2250	45	2290	50	2280	55	2210		
7	3505	7519	66	6	21	165	31D1	13	3	9017	18	0	2350	5	2350	10	2350	15	2350	20	2350	25	2340	30	2250	35	2310	40	2290	45	2250	50	2180	55	2150	60	2120
7	3505	7519	66	6	22	165	31D1	12	3	9017	20	0	2600	5	2590	10	2580	15	2580	20	2580	25	2500	30	2410	35	2350	40	2300	45	2030	50	2030	55	2020		
7	3505	7519	66	6	23	165	31D1	13	3	9017	21	0	2540	5	2570	10	2540	15	2480	20	2470	25	2430	30	2400	35	2330	40	2220	45	2120	50	2090	55	2090	60	2010
7	3505	7519	66	6	24	165	31D1	13	3	9017	22	0	2270	5	2280	10	2260	15	2210	20	2170	25	2100	30	1960	35	1910	40	1850	45	1810	50	1800	55	1800	60	1730
7	3505	7519	66	6	26	165	31D1	12	3	9017	23	0	2310	5	2330	10	2330	15	2320	20	2290	25	2210	30	2200	35	2190	40	2150	45	2110	50	2040	55	2020		
7	3505	7519	66	6	27	165	31D1	11	3	9017	24	0	2500	5	2500	10	2480	15	2430	20	2390	25	2330	30	2290	35	2280	40	2260	45	2220	50	2150				
7	3505	7519	66	6	28	165	31D1	12	3	9017	25	0	2200	5	2090	10	2090	15	2310	20	2290	25	2290	30	2220	35	2190	40	2120	45	2030	50	1990	55	1930		
7	3505	7519	66	6	30	165	31D1	11	3	9017	27	0	2350	5	2430	10	2480	15	2490	20	2480	25	2380	30	2320	35	2000	40	1820	45	1780	50	1780				
7	3505	7519	66	7	1	165	31D1	12	3	9069	1	0	2590	5	2580	10	2570	15	2560	20	2540	25	2490	30	2400	35	2320	40	2060	45	2020	50	2000	55	1910		
7	3505	7519	66	7	2	165	31D1	11	3	9069	2	0	2600	5	2600	10	2600	15	2540	20	2520	25	2440	30	2290	35	2160	40	1970	45	1850	50	1810				
7	3505	7519	66	7	3	165	31D1	12	3	9069	3	0	2750	5	2520	10	2500	15	2490	20	2440	25	2380	30	2330	35	1970	40	1800	45	1800	50	1800	55	1810		
7	3505	7519	66	7	4	165	31D1	12	3	9069	4	0	2670	5	2600	10	2470	15	2380	20	2400	25	2390	30	2340	35	2330	40	2260	45	2200	50	2180	55	2170		
7	3505	7519	66	7	5	165	31D1	12	3	9069	5	0	2800	5	2700	10	2680	15	2580	20	2410	25	2250	30	2190	35	2110	40	2090	45	2070	50	1950	55	1920		
7	3505	7519	66	7	6	165	31D1	7	3	9069	6	0	2600	5	2630	10	2640	15	2570	20	2460	25	2320	30	2320												
7	3505	7519	66	7	7	165	31D1	12	3	9069	7	0	2600	5	2600	10	2570	15	2470	20	2330	25	2180	30	2130	35	2020	40	2010	45	2000	50	1940	55	1910		
7	3505	7519	66	7	8	165	31D1	13	3	9069	8	0	2500	5	2500	10	2450	15	2250	20	2120	25	2120	30	2120	35	2120	40	2120	45	2120	50	1600	55	1450	60	1430
7	3505	7519	66	7	9	165	31D1	13	3	9069	9	0	2500	5	2490	10	2480	15	2380	20	2350	25	2290	30	2190	35	2100	40	2080	45	2000	50	1980	55	1910	60	1900
7	3505	7519	66	7	10	165	31D1	8	3	9069	10	0	2500	5	2510	10	2460	15	2390	20	2350	25	2300	30	2280	35	2290										
7	3505	7519	66	7	12	165	31D1	6	3	9069	12	0	2510	5	2510	10	2510	15	2500	20	2490	25	2490														
7	3505	7519	66	7	13	165	31D1	13	3	9069	13	0	2670	5	2650	10	2630	15	2620	20	2610	25	2610	30	2560	35	2470	40	2320	45	2230	50	2200	55	2110	60	2040
7	3505	7519	66	7	14	165	31D1	13	3	9069	14	0	2640	5	2610	10	2610	15	2630	20	2600	25	2500	30	2240	35	2060	40	1950	45	1820	50	1810	55	1790	60	1750
7	3505	7519	66	7	15	165	31D1	7	3	9069	15	0	2710	5	2710	10	2710	15	2720	20	2720	25	2640	30	2440												
7	3505	7519	66	7	17	165	31D1	12	3	9069	16	0	2680	5	2680	10	2680	15	2600	20	2490	25	2350	30	2260	35	2190	40	2080	45	2000	50	1980	55	1940		
7	3505	7519	66	7	18	165	31D1	11	3	9069	17	0	2720	5	2710	10	2710	15	2700	20	2450	25	2320	30	2250	35	2150	40	2120	45	2050	50	2020				
7	3505	7519	66	7	19	165	31D1	13	3	9069	18	0	2690	5	2690	10	2690	15	2690	20	2690	25	2480	30	2380	35	2250	40	2080	45	2020	50	2020	55	2030	60	2020
7	3505	7519	66	7	20	165	31D1	12	3	9069	19	0	2790	5	2780	10	2770	15	2730	20	2360	25	2160	30	1890	35	1780	40	1710	45	1610	50	1550	55	1510		
7	3505	7519	66	7	21	165	31D1	12	3	9069	20	0	2690	5	2690	10	2670	15	2520	20	2490	25	2490	30	2400	35	2290	40	1960	45	1850	50	1810	55	1750		
7	3505	7519	66	7	22	165	31D1	12	3	9069	21	0	2610	5	2610	10	2550	15	2500	20	2480	25	2470	30	2460	35	2430	40	2410	45	2410	50	2400	55	2300		
7	3505	7519	66	7	23	165	31D1	11	3	9069	22	0	2620	5	2620	10	2610	15	2600	20	2570	25	2500	30	2480	35	2450	40	2400	45	2280	50	2130				
7	3505	7519	66	7	24	165	31D1	7	3	9069	23	0	2610	5	2610	10	2600	15	2510	20	2500	25	2510	30	2450												
7	3505	7519	66	7	25	165	31D1	12	3	9069	24	0	2700	5	2710	10	2720	15	2540	20	2450	25	2500	30	2510	35	2420	40	2400	45	2370	50	2280	55	2200		
7	3505	7519	66	7	26	165	31D1	13	3	9069	25	0	2480	5	2490	10	2560	15	2620	20	2540	25	2600	30	2610	35	2480	40	2390	45	2250	50	2150	55	1980	60	1990
7	3505	7519	66	7	27	165	31D1	5	3	9069	26	0	2650	5	2610	10	2590	15	2580	20	2520																
7	3505	7519	66	7	28	165	31D1	12	3	9069	27	0	2620	5	2590	10	2590	15	2590	20	2590	25	2590	30	2520	35	2500	40	2430	45	2400	50	2090	55	2020		
7	3505	7519	66	7	29	165	31D1	10	3	9069	28	0	2770	5	2780	10	2780	15	2790	20	2700	25	2700	30	2700	35	2710	40	2450	45	2050						
7	3505	7519	66	7	30	99*	31D1	11	3	9069	30	0	2710	5	2710	10	2710	15	2710	20	2700	25	2700	30	2660	35	2400	40	2200	45	2200	50	2020				
7	3505	7519	66	8	13	170	31D1	10	3	9066	13	0	2650	5	2640	10	2640	15	2630	20	2620	25	2550	30	2560	35	2200	40	1900	45	1770						
7	3505	7519	66	8	15	170	31D1	10	3	9066	15	0	2680	5	2660	10	2630	15	2620	20	2530	25	2400	30	2020	35	1930	40	1860	45	1800						
7	3505	7519	66	8	16	170	31D1	11	3	9066	16	0	2610	5	2610	10	2610	15	2610	20	2510	25	2300	30	2050	35	1890	40	1850	45	1760	50	1800				
7	3505	7519	66	8	17	170	31D1	10	3	9066	17	0	2650	5	2630	10	2620	15	2610	20	2560	25	2220	30	1910	35	1740	40	1680	45	1680						
7	3505	7519	66	8	18	170	31D1	10	3	9066	18	0	2670	5	2640	10	2630	15	2620	20	2600	25	2590	30	2590	35	2470	40	2200	45	1950						
7	3505	7519	66	8	19	170	31D1	10	3	9066	19	0	2670	5	2650	10	2640	15	2630	20	2700	25	2500	30	2330	35	2230	40	2100	45	1920						
7	3505	7519	66	8	20	170	31D1	10	3	9066	20	0	2640	5	2640	10	2620	15	2610	20	2620	25	2450	30	2210	35	2130	40	2000	45	1950						
7	3505	7519	66	8	21	170	31D1	10	3	9066	21	0	2700	5	2650	10	2630	15	2580	20	2500	25	2270	30	2190	35	2080	40	2030	45	1870				
7	3505	7519	66	8	23	170	31D1	10	3	9066	23	0	2810	5	2780	10	2680	15	2620	20	2480	25	2380	30	2260	35	2150	40	1910	45	1880				
7	3505	7519	66	8	24	190	31D1	10	3	9066	24	0	2750	5	2710	10	2680	15	2610	20	2510	25	2300	30	2190	35	2190	40	2180	45	2050				
7	3505	7519	66	8	26	170	31D1	11	3	9066	26	0	2620	5	2610	10	2610	15	2400	20	2190	25	2200	30	2250	35	2120	40	2030	45	1970	50	1990		
7	3505	7519	66	8	27	170	31D1	11	3	9066	27	0	2710	5	2720	10	2710	15	2740	20	2610	25	2580	30	2560	35	2340	40	2090	45	2000	50	2000		
7	3505	7519	66	8	28	170	31D1	10	3	9066	28	0	2750	5	2780	10	2790	15	2780	20	2610	25	2620	30	2510	35	2350	40	2230	45	2060				
7	3505	7519	66	8	29	170	31D1	10	3	9066	29	0	2820	5	2800	10	2880	15	2580	20	2580	25	2570	30	2360	35	2300	40	2240	45	2230				
7	3505	7519	66	8	30	163	31D1	10	3	9066	30	0	2750	5	2740	10	2690	15	2630	20	2460	25	2270	30	2140	35	2040	40	1910	45	1910				
7	3505	7519	66	8	31	170	31D1	10	3	9066	31	0	2770	5	2770	10	2770	15	2780	20	2760	25	2740	30	2740	35	2720	40	2700	45	2700				
7	3505	7519	66	9	2	175	31D1	12	3	9072	1	0	2310	5	2320	10	2490	15	2520	20	2550	25	2520	30	2500	35	2400	40	2320	45	2260	50	2220	55	2180
7	3505	7519	66	9	3	175	31D1	12	3	9072	2	0	2770	5	2790	10	2800	15	2800	20	2750	25	2640	30	2620	35	2580	40	2500	45	2440	50	2350	55	2310
7	3505	7519	66	9	5	175	31D1	12	3	9072	4	0	2400	5	2400	10	2400	15	2490	20	2590	25	2590	30	2400	35	2320	40	2190	45	2050	50	1950	55	1950
7	3505	7519	66	9	6	175	31D1	12	3	9072	5	0	2700	5	2700	10	2690	15	2690	20	2680	25	2690	30	2700	35	2540	40	2500	45	2440	50	2430	55	2420
7	3505	7519	66	9	7	175	31D1	12	3	9072	6	0	2490	5	2490	10	2480	15	2480	20	2470	25	2450	30	2450	35	2370	40	2320	45	2280	50	2220	55	2210
7	3505	7519	66	9	8	175	31D1	12	3	9072	7	0	2510	5	2480	10	2490	15	2510	20	2520	25	2520	30	2510	35	2560	40	2450	45	2420	50	2370	55	2250
7	3505	7519	66	9	9	175	31D1	11	3	9072	8	0	2520	5	2520	10	2600	15	2600	20	2600	25	2610	30	2640	35	2690	40	2700	45	2700	50	2710		
7	3505	7519	66	9	10	175	31D1	12	3	9072	9	0	2520	5	2510	10	2530	15	2530	20	2530	25	2520	30	2510	35	2500	40	2490	45	2380	50	2290	55	2100		
7	3505	7519	66	9	11	175	31D1	12	3	9072	10	0	2570	5	2600	10	2820	15	2810	20	2810	25	2800	30	2750	35	2670	40	2520	45	2450	50	2410	55	2310		
7	3505	7519	66	9	12	175	31D1	12	3	9072	11	0	2590	5	2590	10	2610	15	2630	20	2640	25	2780	30	2780	35	2700	40	2730	45	2780	50	2590	55	2500		
7	3505	7519	66	9	13	175	31D1	11	3	9072	12	0	2690	5	2710	10	2790	15	2800	20	2800	25	2800	30	2800	35	2800	40	2790	45	2790	50	2700				
7	3505	7519	66	9	15	175	31D1	13	3	9072	13	0	2600	5	2590	10	2590	15	2600	20	2630	25	2730	30	2720	35	2700	40	2690	45	2640	50	2350	55	2280	60	2210
7	3505	7519	66	9	17	175	31D1	11	3	9072	14	0	2590	5	2590	10	2590	15	2600	20	2600	25	2600	30	2590	35	2500	40	2450	45	2320	50	2290				
7	3505	7519	66	9	18	175	31D1	13	3	9072	15	0	2470	5	2470	10	2470	15	2470	20	2470	25	2470	30	2470	35	2400	40	2280	45	2220	50	2180	55	2100	60	2070
7	3505	7519	66	9	19	175	31D1	12	3	9072	16	0	2700	5	2700	10	2700	15	2700	20	2710	25	2710	30	2540	35	2320	40	2230	45	2170	50	2130	55	2100		
7	3505	7519	66	9	20	175	31D1	12	3	9072	17	0	2630	5	2630	10	2630	15	2650	20	2650	25	2620	30	2360	35	2180	40	2090	45	2020	50	1990	55	1990		
7	3505	7519	66	9	21	175	31D1	13	3	9072	18	0	2490	5	2550	10	2640	15	2650	20	2620	25	2610	30	2610	35	2590	40	2500	45	2450	50	2420	55	2320	60	2300
7	3505	7519	66	9	22	175	31D1	11	3	9072	19	0	2440	5	2500	10	2710	15	2720	20	2720	25	2710	30	2690	35	2610	40	2540	45	2460	50	2450				
7	3505	7519	66	9	23	175	31D1	12	3	9072	20	0	2250	5	2260	10	2380	15	2420	20	2400	25	2190	30	2100	35	2010	40	1990	45	1980	50	1940	55	1910		
7	3505	7519	66	9	24	175	31D1	11	3	9072	21	0	2310	5	2310	10	2300	15	2140	20	1990	25	1880	30	1840	35	1810	40	1800	45	1740	50	1710				
7	3505	7519	66	9	25	175	31D1	11	3	9072	22	0	2410	5	2430	10	2500	15	2550	20	2500	25	2180	30	2100	35	2040	40	2010	45	1980	50	1910				
7	3505	7519	66	9	26	175	31D1	11	3	9072	23	0	2410	5	2490	10	2490	15	2510	20	2520	25	2520	30	2340	35	2000	40	1860	45	1780	50	1740				
7	3505	7519	66	9	28	175	31D1	12	3	9072	25	0	2460	5	2450	10	2490	15	2580	20	2580	25	2500	30	2420	35	2410	40	2250	45	2040	50	2000	55	1990		
7	3505	7519	66	9	29	175	31D1	8	3	9072	26	0	2460	5	2480	10	2570	15	2580	20	2590	25	2600	30	2590	35	2610										
7	3505	7519	66	9	30	175	31D1	12	3	9072	27	0	2590	5	2590	10	2610	15	2660	20	2670	25	2630	30	2630	35	2610	40	2520	45	2320	50	2250	55	2090		
7	3505	7519	66	9	99	175	31D1	12	3	9072	3	0	2780	5	2790	10	2790	15	2820	20	2820	25	2800	30	2660	35	2540	40	2480	45	2350	50	2310	55	2290		
7	3505	7519	66	10	1	175	31D1	12	3	9087	1	0	2600	5	2600	10	2600	15	2610	20	2570	25	2370	30	2290	35	2170	40	2090	45	2020	50	1960	55	1910		
7	3505	7519	66	10	2	175	31D1	12	3	9087	2	0	2370	5	2370	10	2370	15	2370	20	2370	25	2370	30	2370	35	2360	40	2360	45	2320	50	2290	55	2220		
7	3505	7519	66	10	3	175	31D1	10	3	9087	3	0	2440	5	2440	10	2440	15	2490	20	2500	25	2510	30	2530	35	2550	40	2550	45	2520						
7	3505	7519	66	10	4	175	31D1	12	3	9087	4	0	2410	5	2400	10	2480	15	2500	20	2500	25	2510	30	2520	35	2530	40	2550	45	2550	50	2530	55	2520		
7	3505	7519	66	10	5	175	31D1	12	3	9087	5	0	2440	5	2450	10	2460	15	2460	20	2470	25	2480	30	2460	35	2470	40	2400	45	2080	50	2010	55	2010		
7	3505	7519	66	10	6	175	31D1	12	3	9087	6	0	2250	5	2250	10	2260	15	2270	20	2290	25	2300	30	2300	35	2300	40	2300	45	2300	50	2300	55	2280		
7	3505	7519	66	10	7	175	31D1	12	3	9087	7	0	2320	5	2330	10	2410	15	2410	20	2410	25	2430	30	2490	35	2520	40	2510	45	2480	50	2350	55	2290		
7	3505	7519	66	10	8	175	31D1	12	3	9087	8	0	2790	5	2790	10	2790	15	2720	20	2660	25	2490	30	2500	35	2510	40	2510	45	2520	50	2530	55	2540		
7	3505	7519	66	10	9	175	31D1	12	3	9087	9	0	2650	5	2630	10	2610	15	2610	20	2580	25	2470	30	2410	35	2410	40	2300	45	2240	50	2230	55	2210		
7	3505	7519	66	10	10	175	31D1	12	3	9087	10	0	2620	5	2600	10	2600	15	2540	20	2510	25	2490	30	2470	35	2430	40	2350	45	2330	50	2320	55	2310		
7	3505	7519	66	10	12	175	31D1	13	3	9087	12	0	2500	5	2500	10	2500	15	2500	20	2500	25	2500	30	2500	35	2500	40	2490	45	2440	50	2400	55	2390	60	2390
7	3505	7519	66	10	13	175	31D1	12	3	9087	13	0	2520	5	2520	10	2510	15	2510	20	2480	25	2460	30	2460	35	2460	40	2460	45	2460	50	2460	55	2430		
7	3505	7519	66	10	15	175	31D1	11	3	9087	15	0	2650	5	2670	10	2640	15	2560	20	2540	25	2540	30	2530	35	2500	40	2480	45	2350	50	2540				
7	3505	7519	66	10	16	175	31D1	12	3	9087	16	0	2710	5	2700	10	2700	15	2690	20	2610	25	2560	30	2510	35	2430	40	2350	45	2220	50	2190	55	2160
7	3505	7519	66	10	17	175	31D1	11	3	9087	17	0	2550	5	2530	10	2530	15	2530	20	2530	25	2530	30	2450	35	2270	40	2210	45	2210	50	2210		
7	3505	7519	66	10	18	175	31D1	10	3	9087	18	0	2500	5	2500	10	2500	15	2490	20	2480	25	2480	30	2480	35	2480	40	2470	45	2460				
7	3505	7519	66	10	21	175	31D1	12	3	9087	21	0	2610	5	2610	10	2610	15	2610	20	2610	25	2510	30	2380	35	2330	40	2300	45	2290	50	2290	55	2290
7	3505	7519	66	10	22	175	31D1	12	3	9087	22	0	2670	5	2670	10	2670	15	2670	20	2510	25	2460	30	2420	35	2170	40	2110	45	2100	50	2000	55	1990
7	3505	7519	66	10	23	175	31D1	12	3	9087	23	0	2590	5	2590	10	2500	15	2460	20	2430	25	2420	30	2320	35	2100	40	1970	45	1890	50	1850	55	1840
7	3505	7519	66	10	24	175	31D1	11	3	9087	24	0	2170	5	2160	10	2170	15	2240	20	2280	25	2450	30	2490	35	2510	40	2490	45	2430	50	2390		
7	3505	7519	66	10	25	175	31D1	9	3	9087	25	0	2520	5	2530	10	2520	15	2500	20	2500	25	2510	30	2520	35	2530	40	2540						
7	3505	7519	66	10	26	175	31D1	6	3	9087	26	0	2070	5	2070	10	2080	15	2100	20	2180	25	2280												
7	3505	7519	66	10	30	175	31D1	9	3	9087	30	0	1800	5	1800	10	1800	15	1800	20	1800	25	1800	30	1800	35	1800	40	1800						
7	3505	7519	66	10	31	175	31D1	11	3	9087	31	0	1800	5	1780	10	1780	15	1770	20	1750	25	1740	30	1730	35	1760	40	1780	45	1830	50	1860		
7	3509	7517	66	11	8	175	31D1	4	3	9088	8	0	1730	5	1700	10	1700	15	1680																
7	3509	7517	66	11	10	175	31D1	4	3	9088	10	0	1770	5	1780	10	2000	15	2180																
7	3509	7517	66	11	11	175	31D1	4	3	9088	11	0	1940	5	1960	10	2200	15	2200																
7	3509	7517	66	11	12	175	31D1	4	3	9088	12	0	1850	5	1850	10	1840	15	1840																
7	3509	7517	66	11	13	175	31D1	4	3	9088	13	0	1740	5	1740	10	1740	15	1750																
7	3509	7517	66	11	14	175	31D1	4	3	9088	14	0	1600	5	1600	10	1600	15	1590
7	3509	7517	66	11	15	175	31D1	4	3	9088	15	0	1650	5	1650	10	1650	15	1650
7	3509	7517	66	11	16	175	31D1	4	3	9088	16	0	1700	5	1700	10	1700	15	1700
7	3509	7517	66	12	15	175	31D1	4	3	9106	15	0	1060	5	1070	10	1070	15	1070
7	3509	7517	66	12	16	175	31D1	4	3	9106	16	0	1030	5	1030	10	1030	15	1040
7	3509	7517	66	12	17	175	31D1	4	3	9106	17	0	1150	5	1700	10	1840	15	1860
7	3509	7517	66	12	18	175	31D1	4	3	9106	18	0	1300	5	1600	10	1930	15	1910
7	3509	7517	66	12	19	175	31D1	4	3	9106	19	0	1460	5	1460	10	1460	15	1460
7	3509	7517	66	12	20	175	31D1	4	3	9106	20	0	1480	5	1490	10	1520	15	1740
7	3509	7517	66	12	21	175	31D1	4	3	9106	21	0	1230	5	1230	10	1240	15	1240
7	3509	7517	66	12	22	175	31D1	3	3	9106	22	0	1020	5	1030	10	1030		
7	3509	7517	66	12	23	175	31D1	4	3	9106	23	0	1020	5	1020	10	1020	15	1020
7	3509	7517	66	12	24	175	31D1	4	3	9106	24	0	1020	5	1020	10	1020	15	1020
7	3509	7517	66	12	25	175	31D1	4	3	9106	25	0	940	5	950	10	1000	15	1070
7	3509	7517	66	12	26	175	31D1	3	3	9106	26	0	1880	5	1890	10	1900		
7	3509	7517	66	12	27	175	31D1	3	3	9106	27	0	1700	5	1750	10	1760		
7	3509	7517	66	12	28	175	31D1	4	3	9106	28	0	1270	5	1330	10	1410	15	1490
7	3509	7517	66	12	29	175	31D1	4	3	9106	29	0	1770	5	1770	10	1770	15	1770
7	3509	7517	66	12	30	175	31D1	4	3	9106	30	0	1010	5	1030	10	1040	15	1110
7	3509	7517	66	12	31	175	31D1	3	3	9106	31	0	1900	5	1910	10	1910		
7	3509	7517	67	1	1	175	31D1	3	3	9129	1	0	2010	5	2010	10	2000		
7	3509	7517	67	1	2	175	31D1	4	3	9129	2	0	1630	5	1640	10	1650	15	1660
7	3509	7517	67	1	3	175	31D1	4	3	9129	3	0	1600	5	1600	10	1600	15	1600
7	3509	7517	67	1	4	175	31D1	4	3	9129	4	0	1290	5	1290	10	1290	15	1290
7	3509	7517	67	1	5	175	31D1	4	3	9129	5	0	1010	5	1020	10	1020	15	1020
7	3509	7517	67	1	6	175	31D1	4	3	9129	6	0	880	5	880	10	880	15	890
7	3509	7517	67	1	8	175	31D1	3	3	9129	8	0	1660	5	1680	10	1720		
7	3509	7517	67	1	9	175	31D1	3	3	9129	9	0	1230	5	1230	10	1240		
7	3509	7517	67	1	10	175	31D1	4	3	9129	10	0	1480	5	1570	10	1650	15	1690
7	3509	7517	67	1	11	175	31D1	3	3	9129	11	0	1150	5	1150	10	1150		
7	3509	7517	67	1	12	175	31D1	4	3	9129	12	0	900	5	1050	10	1200	15	1340
7	3509	7517	67	1	13	175	31D1	4	3	9129	13	0	1950	5	1960	10	1960	15	1940
7	3509	7517	67	1	14	175	31D1	3	3	9129	14	0	1870	5	1870	10	1870		
7	3509	7517	67	1	15	175	31D1	3	3	9129	15	0	1340	5	1530	10	1740		
7	3509	7517	67	1	16	175	31D1	3	3	9129	16	0	1450	5	1460	10	1470		
7	3509	7517	67	1	17	175	31D1	4	3	9129	17	0	1380	5	1390	10	1430	15	1440
7	3509	7517	67	1	18	175	31D1	4	3	9129	18	0	1340	5	1360	10	1390	15	1390
7	3509	7517	67	1	19	175	31D1	3	3	9129	19	0	1130	5	1140	10	1210		
7	3509	7517	67	1	20	175	31D1	4	3	9129	20	0	2110	5	2110	10	2110	15	2110
7	3509	7517	67	1	21	175	31D1	3	3	9129	21	0	2030	5	2030	10	2010		
7	3509	7517	67	1	22	175	31D1	3	3	9129	22	0	2010	5	2010	10	1900		
7	3509	7517	67	1	23	175	31D1	3	3	9129	23	0	1980	5	1960	10	1940		
7	3509	7517	67	1	24	175	31D1	3	3	9129	24	0	1760	5	1790	10	1920		
7	3509	7517	67	1	25	175	31D1	3	3	9129	25	0	1670	5	1770	10	1830		
7	3509	7517	67	1	26	175	31D1	4	3	9129	26	0	1890	5	1890	10	1890	15	1890
7	3509	7517	67	1	28	175	31D1	4	3	9129	28	0	1370	5	1370	10	1430	15	1590
7	3509	7517	67	1	29	175	31D1	4	3	9129	29	0	1360	5	1370	10	1400	15	1600
7	3509	7517	67	1	30	175	31D1	4	3	9129	30	0	1420	5	1430	10	1460	15	1500
7	3509	7517	67	1	31	170	31D1	4	3	9129	31	0	1490	5	1470	10	1470	15	1470
7	3509	7517	67	2	1	175	31D1	4	3	9130	1	0	1570	5	1580	10	1830	15	1800
7	3509	7517	67	2	2	175	31D1	3	3	9130	2	0	1390	5	1510	10	1610		
7	3509	7517	67	2	3	175	31D1	4	3	9130	3	0	1200	5	1190	10	1190	15	1190
7	3509	7517	67	2	4	175	31D1	3	3	9130	4	0	1230	5	1230	10	1230		
7	3509	7517	67	2	5	175	31D1	4	3	9130	5	0	1130	5	1130	10	1130	15	1130
7	3509	7517	67	2	6	175	31D1	3	3	9130	6	0	1860	5	1730	10	1500		
7	3509	7517	67	2	7	175	31D1	4	3	9130	7	0	1110	5	1110	10	1130	15	1170
7	3509	7517	67	2	8	175	31D1	4	3	9130	8	0	740	5	740	10	740	15	730
7	3509	7517	67	2	9	175	31D1	4	3	9130	9	0	740	5	750	10	750	15	750
7	3509	7517	67	2	10	175	31D1	4	3	9130	10	0	720	5	720	10	720	15	730
7	3509	7517	67	2	11	175	31D1	3	3	9130	11	0	1900	5	1900	10	1910		
7	3509	7517	67	2	12	175	31D1	4	3	9130	12	0	1510	5	1510	10	1510	15	1520
7	3509	7517	67	2	13	175	31D1	4	3	9130	13	0	1610	5	1610	10	1660	15	1780
7	3509	7517	67	2	14	175	31D1	3	3	9130	14	0	1990	5	1990	10	1910		
7	3509	7517	67	2	15	175	31D1	4	3	9130	15	0	1600	5	1550	10	1530	15	1510
7	3509	7517	67	2	16	175	31D1	4	3	9130	16	0	1350	5	1350	10	1350	15	1350
7	3509	7517	67	2	17	175	31D1	4	3	9130	17	0	1080	5	1090	10	1100	15	1300
7	3509	7517	67	2	18	175	31D1	4	3	9130	18	0	870	5	880	10	890	15	950
7	3509	7517	67	2	19	175	31D1	4	3	9130	19	0	1190	5	1190	10	1200	15	1200
7	3509	7517	67	2	20	175	31D1	4	3	9130	20	0	810	5	820	10	820	15	830
7	3509	7517	67	2	21	175	31D1	4	3	9130	21	0	920	5	920	10	950	15	1150
7	3509	7517	67	2	22	175	31D1	3	3	9130	22	0	1440	5	1440	10	1440		
7	3509	7517	67	2	23	175	31D1	3	3	9130	23	0	1690	5	1690	10	1690		
7	3509	7517	67	2	24	175	31D1	3	3	9130	24	0	1260	5	1270	10	1290		
7	3509	7517	67	2	25	175	31D1	3	3	9130	25	0	850	5	860	10	880		
7	3509	7517	67	2	26	175	31D1	3	3	9130	26	0	790	5	790	10	790		
7	3509	7517	67	2	27	175	31D1	3	3	9130	27	0	1380	5	1430	10	1780		
7	3509	7517	67	2	28	175	31D1	4	3	9130	28	0	1450	5	1460	10	1460	15	1460
7	3509	7517	67	3	1	175	31D1	4	3	9119	1	0	980	5	990	10	990	15	990
7	3509	7517	67	3	2	175	31D1	4	3	9119	2	0	1150	5	1170	10	1200	15	1210
7	3509	7517	67	3	3	175	31D1	3	3	9119	3	0	1500	5	1510	10	1510		
7	3509	7517	67	3	4	175	31D1	3	3	9119	4	0	1470	5	1490	10	1490		
7	3509	7517	67	3	5	175	31D1	3	3	9119	5	0	1740	5	1740	10	1740		
7	3509	7517	67	3	6	175	31D1	3	3	9119	6	0	1700	5	1690	10	1690		
7	3509	7517	67	3	7	175	31D1	3	3	9119	7	0	1700	5	1700	10	1700		
7	3509	7517	67	3	8	175	31D1	3	3	9119	8	0	1400	5	1400	10	1400		
7	3509	7517	67	3	9	175	31D1	3	3	9119	9	0	1150	5	1150	10	1150		
7	3509	7517	67	3	11	175	31D1	4	3	9119	11	0	2010	5	2010	10	1990	15	1990
7	3509	7517	67	3	12	175	31D1	3	3	9119	12	0	1880	5	1790	10	1770		
7	3509	7517	67	3	14	175	31D1	4	3	9119	14	0	1090	5	1110	10	1300	15	1320
7	3509	7517	67	3	15	175	31D1	4	3	9119	15	0	1110	5	1110	10	1190	15	1490
7	3509	7517	67	3	16	175	31D1	4	3	9119	16	0	830	5	830	10	830	15	830
7	3509	7517	67	3	17	175	31D1	4	3	9119	17	0	910	5	910	10	910	15	910
7	3509	7517	67	3	18	175	31D1	3	3	9119	18	0	720	5	720	10	720		
7	3509	7517	67	3	19	175	31D1	4	3	9119	19	0	710	5	710	10	710	15	720
7	3509	7517	67	3	20	175	31D1	4	3	9119	20	0	720	5	720	10	810	15	1050
7	3509	7517	67	3	22	175	31D1	4	3	9119	22	0	920	5	920	10	910	15	930
7	3509	7517	67	3	23	175	31D1	4	3	9119	23	0	680	5	680	10	680	15	680
7	3509	7517	67	3	24	175	31D1	4	3	9119	24	0	690	5	690	10	690	15	690
7	3509	7517	67	3	25	175	31D1	4	3	9119	25	0	670	5	680	10	680	15	680
7	3509	7517	67	3	26	175	31D1	3	3	9119	26	0	670	5	680	10	680		
7	3509	7517	67	3	27	175	31D1	3	3	9119	27	0	2030	5	2030	10	2030		
7	3509	7517	67	3	29	175	31D1	4	3	9119	29	0	680	5	680	10	680	15	680
7	3509	7517	67	3	30	175	31D1	4	3	9119	30	0	690	5	690	10	700	15	710
7	3509	7517	67	3	31	175	31D1	4	3	9119	31	0	690	5	690	10	690	15	710
7	3509	7517	67	4	1	175	31D1	4	3	9144	1	0	940	5	1030	10	1260	15	1300
7	3509	7517	67	4	2	175	31D1	3	3	9144	2	0	1570	5	2000	10	1960		
7	3509	7517	67	4	3	175	31D1	3	3	9144	3	0	1440	5	1450	10	1610		
7	3509	7517	67	4	4	125	31D1	3	3	9144	4	0	1490	5	1490	10	1500		
7	3509	7517	67	4	5	175	31D1	3	3	9144	5	0	1490	5	1190	10	1100		
7	3509	7517	67	4	6	175	31D1	3	3	9144	6	0	1430	5	1470	10	1710		
7	3509	7517	67	4	7	175	31D1	3	3	9144	7	0	1520	5	1620	10	1710		
7	3509	7517	67	4	8	175	31D1	3	3	9144	8	0	1210	5	1210	10	1210		
7	3509	7517	67	4	9	175	31D1	2	3	9144	9	0	2190	5	2190				
7	3509	7517	67	4	10	175	31D1	3	3	9144	10	0	1810	5	1820	10	1820		
7	3509	7517	67	4	11	175	31D1	3	3	9144	11	0	1490	5	1490	10	1500		
7	3509	7517	67	4	12	175	31D1	3	3	9144	12	0	2180	5	2180	10	2180		
7	3509	7517	67	4	13	175	31D1	3	3	9144	13	0	2330	5	2330	10	2320		
7	3509	7517	67	4	14	175	31D1	3	3	9144	14	0	1680	5	1800	10	1980		
7	3509	7517	67	4	15	175	31D1	3	3	9144	15	0	1640	5	1800	10	2000		
7	3509	7517	67	4	16	175	31D1	3	3	9144	16	0	1630	5	1780	10	1840		
7	3509	7517	67	4	17	175	31D1	3	3	9144	17	0	1900	5	1910	10	1900		
7	3509	7517	67	4	18	175	31D1	4	3	9144	18	0	2010	5	2150	10	2220	15	2210
7	3509	7517	67	4	19	175	31D1	3	3	9144	19	0	1900	5	1910	10	1910		
7	3509	7517	67	4	20	175	31D1	4	3	9144	20	0	1200	5	1210	10	1210	15	1200
7	3509	7517	67	4	21	175	31D1	3	3	9144	21	0	1070	5	990	10	990		
7	3509	7517	67	4	22	175	31D1	4	3	9144	22	0	1220	5	1400	10	1720	15	1880
7	3509	7517	67	4	24	175	31D1	3	3	9144	24	0	2160	5	2170	10	2170		
7	3509	7517	67	4	25	175	31D1	2	3	9144	25	0	1700	5	1700				
7	3509	7517	67	4	26	175	31D1	4	3	9144	26	0	1620	5	1630	10	1730	15	1790
7	3509	7517	67	4	27	175	31D1	4	3	9144	27	0	2100	5	2110	10	2110	15	2110
7	3509	7517	67	4	28	175	31D1	4	3	9144	28	0	1120	5	1120	10	1120	15	1120
7	3509	7517	67	4	29	175	31D1	4	3	9144	29	0	960	5	960	10	930	15	930
7	3509	7517	67	4	30	175	31D1	3	3	9144	30	0	910	5	890	10	890		
7	3509	7517	67	5	1	165	31D1	4	3	9160	1	0	2000	5	2000	10	2050	15	1650
7	3509	7517	67	5	2	165	31D1	3	3	9160	2	0	1390	5	1430	10	1650		
7	3509	7517	67	5	3	165	31D1	3	3	9160	3	0	1830	5	2140	10	2150		
7	3509	7517	67	5	4	165	31D1	4	3	9160	4	0	2230	5	2230	10	2220	15	2180
7	3509	7517	67	5	5	165	31D1	3	3	9160	5	0	1470	5	1480	10	1900		
7	3509	7517	67	5	6	165	31D1	3	3	9160	6	0	1570	5	1660	10	1800		
7	3509	7517	67	5	7	165	31D1	3	3	9160	7	0	1800	5	1820	10	2000		
7	3509	7517	67	5	8	165	31D1	4	3	9160	8	0	1780	5	1790	10	1790	15	1810
7	3509	7517	67	5	9	165	31D1	3	3	9160	9	0	1730	5	1730	10	1840		
7	3509	7517	67	5	10	165	31D1	3	3	9160	10	0	1780	5	1810	10	1910		
7	3509	7517	67	5	11	165	31D1	3	3	9160	11	0	2190	5	2190	10	2190		
7	3509	7517	67	5	12	165	31D1	4	3	9160	12	0	2150	5	2150	10	2140	15	2140
7	3509	7517	67	5	13	165	31D1	4	3	9160	13	0	2170	5	2180	10	2170	15	2160
7	3509	7517	67	5	14	165	31D1	4	3	9160	14	0	2150	5	2140	10	2120	15	2120
7	3509	7517	67	5	15	165	31D1	4	3	9160	15	0	2070	5	2080	10	2080	15	2070
7	3509	7517	67	5	16	165	31D1	4	3	9160	16	0	2000	5	2010	10	2010	15	2010
7	3509	7517	67	5	17	165	31D1	4	3	9160	17	0	2140	5	2140	10	2140	15	2140
7	3509	7517	67	5	18	165	31D1	4	3	9160	18	0	2010	5	2010	10	2010	15	2010
7	3509	7517	67	5	19	165	31D1	3	3	9160	19	0	2000	5	1990	10	1990		
7	3509	7517	67	5	20	165	31D1	3	3	9160	20	0	2060	5	2070	10	2070		
7	3509	7517	67	5	21	165	31D1	3	3	9160	21	0	2070	5	2090	10	2100		
7	3509	7517	67	5	22	165	31D1	3	3	9160	22	0	2300	5	2300	10	2100		
7	3509	7517	67	5	23	165	31D1	3	3	9160	23	0	1900	5	1900	10	1900		
7	3509	7517	67	5	24	165	31D1	3	3	9160	24	0	1330	5	1330	10	1340		
7	3509	7517	67	5	25	165	31D1	3	3	9160	25	0	1180	5	1190	10	1190		
7	3509	7517	67	5	26	165	31D1	3	3	9160	26	0	1140	5	1140	10	1140		
7	3509	7517	67	5	27	165	31D1	3	3	9160	27	0	1310	5	1240	10	1230		
7	3509	7517	67	5	28	165	31D1	3	3	9160	28	0	1490	5	1410	10	1460
7	3509	7517	67	5	30	165	31D1	2	3	9160	30	0	1510	5	1510		
7	3509	7517	67	5	31	165	31D1	3	3	9160	31	0	2520	5	2280	10	2130
7	3509	7517	67	6	1	165	31D1	3	3	9177	1	0	1490	5	1490	10	1490
7	3509	7517	67	6	2	165	31D1	3	3	9177	2	0	1430	5	1400	10	1370
7	3509	7517	67	6	3	165	31D1	3	3	9177	3	0	1520	5	1530	10	1640
7	3509	7517	67	6	4	165	31D1	3	3	9177	4	0	1460	5	1450	10	1430
7	3509	7517	67	6	5	165	31D1	3	3	9177	5	0	1500	5	1590	10	2010
7	3509	7517	67	6	6	165	31D1	3	3	9177	6	0	1800	5	1800	10	1830
7	3509	7517	67	6	7	165	31D1	3	3	9177	7	0	2510	5	2480	10	2460
7	3509	7517	67	6	8	165	31D1	3	3	9177	8	0	2370	5	2370	10	2300
7	3509	7517	67	6	9	165	31D1	3	3	9177	9	0	2250	5	2230	10	2140
7	3509	7517	67	6	12	165	31D1	3	3	9177	12	0	2240	5	2280	10	2330
7	3509	7517	67	6	14	165	31D1	2	3	9177	14	0	2200	5	2230		
7	3509	7517	67	6	15	165	31D1	3	3	9177	15	0	2410	5	2410	10	2340
7	3509	7517	67	6	16	165	31D1	3	3	9177	16	0	2450	5	2450	10	2280
7	3509	7517	67	6	20	165	31D1	3	3	9177	20	0	2640	5	2640	10	2600		
7	3509	7517	67	6	22	165	31D1	3	3	9177	22	0	2300	5	2340	10	2400		
7	3509	7517	67	6	23	165	31D1	2	3	9177	23	0	2410	5	2410				
7	3509	7517	67	6	24	165	31D1	4	3	9177	24	0	2590	5	2590	10	2580	15	2560
7	3509	7517	67	6	29	165	31D1	4	3	9177	29	0	2320	5	2330	10	2390	15	2420
7	3509	7517	67	7	1	165	31D1	3	3	9194	1	0	2010	5	2020	10	2020		
7	3509	7517	67	7	2	165	31D1	3	3	9194	2	0	2520	5	2610	10	2620		
7	3509	7517	67	7	3	165	31D1	3	3	9194	3	0	2500	5	2600	10	2630		
7	3509	7517	67	7	4	165	31D1	3	3	9194	4	0	2560	5	2550	10	2510		
7	3509	7517	67	7	6	165	31D1	3	3	9194	6	0	2630	5	2620	10	2630		
7	3509	7517	67	7	7	165	31D1	3	3	9194	7	0	2650	5	2650	10	2560		
7	3509	7517	67	7	8	165	31D1	3	3	9194	8	0	2250	5	2250	10	2550		
7	3509	7517	67	7	9	165	31D1	3	3	9194	9	0	2200	5	2300	10	2510		
7	3509	7517	67	7	10	165	31D1	3	3	9194	10	0	2270	5	2510	10	2510		
7	3509	7517	67	7	11	165	31D1	3	3	9194	11	0	2510	5	2510	10	2510		
7	3509	7517	67	7	12	165	31D1	3	3	9194	12	0	2560	5	2560	10	2560		
7	3509	7517	67	7	13	165	31D1	3	3	9194	13	0	2630	5	2630	10	2600
7	3509	7517	67	7	14	165	31D1	3	3	9194	14	0	2530	5	2530	10	2530
7	3509	7517	67	7	15	165	31D1	3	3	9194	15	0	2540	5	2530	10	2510
7	3509	7517	67	7	16	165	31D1	2	3	9194	16	0	2530	5	2530		
7	3509	7517	67	7	18	165	31D1	3	3	9194	18	0	2710	5	2660	10	2550
7	3509	7517	67	7	19	165	31D1	3	3	9194	19	0	2540	5	2550	10	2550
7	3509	7517	67	7	20	165	31D1	3	3	9194	20	0	2900	5	2800	10	2700
7	3509	7517	67	7	21	165	31D1	3	3	9194	21	0	2420	5	2570	10	2610
7	3509	7517	67	7	22	165	31D1	3	3	9194	22	0	2830	5	2820	10	2800
7	3509	7517	67	7	23	165	31D1	3	3	9194	23	0	2620	5	2870	10	2910
7	3509	7517	67	7	24	165	31D1	3	3	9194	24	0	2540	5	2530	10	2690
7	3509	7517	67	7	25	165	31D1	3	3	9194	25	0	2680	5	2660	10	2610
7	3509	7517	67	7	26	165	31D1	2	3	9194	26	0	2540	5	2540		
7	3509	7517	67	7	27	165	31D1	3	3	9194	27	0	2720	5	2720	10	2710
7	3509	7517	67	7	28	165	31D1	3	3	9194	28	0	2710	5	2710	10	2400
7	3509	7517	67	7	29	165	31D1	3	3	9194	29	0	2600	5	2590	10	2590
7	3509	7517	67	7	30	165	31D1	3	3	9194	30	0	2490	5	2490	10	2480		
7	3509	7517	67	7	31	165	31D1	3	3	9194	31	0	2840	5	2830	10	2720		
7	3509	7517	67	8	1	165	31D1	3	3	9195	1	0	2690	5	2690	10	2680		
7	3509	7517	67	8	2	165	31D1	3	3	9195	2	0	2670	5	2670	10	2650		
7	3509	7517	67	8	3	165	31D1	3	3	9195	3	0	2660	5	2660	10	2650		
7	3509	7517	67	8	4	165	31D1	3	3	9195	4	0	2690	5	2600	10	2530		
7	3509	7517	67	8	5	165	31D1	3	3	9195	5	0	2610	5	2610	10	2600		
7	3509	7517	67	8	6	165	31D1	4	3	9195	6	0	2700	5	2720	10	2710	15	2560
7	3509	7517	67	8	7	165	31D1	3	3	9195	7	0	2690	5	2670	10	2650		
7	3509	7517	67	8	8	165	31D1	3	3	9195	8	0	2690	5	2680	10	2630		
7	3509	7517	67	8	9	165	31D1	3	3	9195	9	0	2700	5	2700	10	2690		
7	3509	7517	67	8	10	165	31D1	3	3	9195	10	0	2400	5	2380	10	2370		
7	3509	7517	67	8	11	165	31D1	3	3	9195	11	0	2480	5	2480	10	2470		
7	3509	7517	67	8	12	165	31D1	3	3	9195	12	0	2380	5	2380	10	2300		
7	3509	7517	67	8	13	165	31D1	4	3	9195	13	0	1830	5	1750	10	1550	15	1520
7	3509	7517	67	8	14	165	31D1	3	3	9195	14	0	1770	5	1750	10	1710		
7	3509	7517	67	8	15	165	31D1	3	3	9195	15	0	2710	5	2700	10	2690		
7	3509	7517	67	8	16	165	31D1	2	3	9195	16	0	2320	5	2590				
7	3509	7517	67	8	17	165	31D1	3	3	9195	17	0	2780	5	2770	10	2710		
7	3509	7517	67	8	18	165	31D1	3	3	9195	18	0	2800	5	2790	10	2630		
7	3509	7517	67	8	19	165	31D1	3	3	9195	19	0	2610	5	2510	10	2360		
7	3509	7517	67	8	20	165	31D1	4	3	9195	20	0	2600	5	2600	10	2600	15	2590
7	3509	7517	67	8	21	165	31D1	3	3	9195	21	0	2570	5	2680	10	2690		
7	3509	7517	67	8	22	165	31D1	4	3	9195	22	0	2580	5	2580	10	2530	15	2510
7	3509	7517	67	8	23	165	31D1	3	3	9195	23	0	2720	5	2710	10	2700		
7	3509	7517	67	8	24	165	31D1	4	3	9195	24	0	2550	5	2570	10	2600	15	2510
7	3509	7517	67	8	25	165	31D1	4	3	9195	25	0	2700	5	2670	10	2600	15	2590
7	3509	7517	67	8	26	165	31D1	3	3	9195	26	0	2810	5	2770	10	2720		
7	3509	7517	67	8	27	165	31D1	3	3	9195	27	0	2790	5	2790	10	2710		
7	3509	7517	67	8	28	165	31D1	4	3	9195	28	0	2610	5	2360	10	2080	15	2030
7	3509	7517	67	8	29	165	31D1	2	3	9195	29	0	2770	5	2720				
7	3509	7517	67	8	30	165	31D1	3	3	9195	30	0	2760	5	2740	10	2710		
7	3509	7517	67	8	31	165	31D1	3	3	9195	31	0	2660	5	2740	10	2720		
7	3509	7517	67	9	1	165	31D1	3	3	9215	1	0	2430	5	2430	10	2430		
7	3509	7517	67	9	2	165	31D1	3	3	9215	2	0	2420	5	2420	10	2430		
7	3509	7517	67	9	3	165	31D1	3	3	9215	3	0	2780	5	2790	10	2790		
7	3509	7517	67	9	4	165	31D1	3	3	9215	4	0	2660	5	2620	10	2570		
7	3509	7517	67	9	5	165	31D1	3	3	9215	5	0	2710	5	2710	10	2710		
7	3509	7517	67	9	6	165	31D1	4	3	9215	6	0	2680	5	2620	10	2590	15	2530
7	3509	7517	67	9	7	165	31D1	3	3	9215	7	0	2510	5	2690	10	2760		
7	3509	7517	67	9	8	165	31D1	4	3	9215	8	0	2470	5	2650	10	2760	15	2790
7	3509	7517	67	9	9	165	31D1	4	3	9215	9	0	2500	5	2690	10	2760	15	2790
7	3509	7517	67	9	12	165	31D1	3	3	9215	10	0	2190	5	2190	10	2190		
7	3509	7517	67	9	13	165	31D1	3	3	9215	11	0	2160	5	2160	10	2160		
7	3509	7517	67	9	14	165	31D1	3	3	9215	12	0	2120	5	2130	10	2130		
7	3509	7517	67	9	15	165	31D1	3	3	9215	13	0	2100	5	2110	10	2110		
7	3509	7517	67	9	16	165	31D1	2	3	9215	14	0	2050	5	2050				
7	3509	7517	67	9	18	165	31D1	3	3	9215	15	0	2130	5	2130	10	2180		
7	3509	7517	67	9	19	165	31D1	4	3	9215	16	0	2180	5	2180	10	2180	15	2410
7	3509	7517	67	9	20	165	31D1	4	3	9215	17	0	2150	5	2110	10	2110	15	2110
7	3509	7517	67	9	21	165	31D1	3	3	9215	18	0	2120	5	2110	10	2110		
7	3509	7517	67	9	22	165	31D1	4	3	9215	19	0	2160	5	2140	10	2200	15	2290
7	3509	7517	67	9	23	165	31D1	4	3	9215	20	0	2300	5	2300	10	2310	15	2510
7	3509	7517	67	9	24	165	31D1	3	3	9215	21	0	2170	5	2140	10	2280		
7	3509	7517	67	9	25	165	31D1	3	3	9215	22	0	2190	5	2190	10	2200		
7	3509	7517	67	9	26	165	31D1	4	3	9215	23	0	2170	5	2180	10	2200	15	2410
7	3509	7517	67	9	27	165	31D1	4	3	9215	24	0	2280	5	2300	10	2360	15	2510
7	3509	7517	67	9	28	165	31D1	2	3	9215	25	0	2210	5	2230				
7	3509	7517	67	9	29	165	31D1	3	3	9215	26	0	2400	5	2420	10	2440		
7	3509	7517	67	9	30	165	31D1	4	3	9215	27	0	2380	5	2390	10	2400	15	2430
7	3509	7517	67	10	1	165	31D1	4	3	9231	1	0	2320	5	2430	10	2430	15	2410
7	3509	7517	67	10	2	165	31D1	4	3	9231	2	0	2420	5	2430	10	2430	15	2420
7	3509	7517	67	10	3	165	31D1	3	3	9231	3	0	2290	5	2330	10	2390		
7	3509	7517	67	10	4	165	31D1	3	3	9231	4	0	2310	5	2310	10	2310		
7	3509	7517	67	10	5	165	31D1	3	3	9231	5	0	2410	5	2410	10	2410		
7	3509	7517	67	10	6	165	31D1	3	3	9231	6	0	2390	5	2390	10	2390		
7	3509	7517	67	10	7	165	31D1	3	3	9231	7	0	2420	5	2420	10	2420		
7	3509	7517	67	10	8	165	31D1	3	3	9231	8	0	2180	5	2140	10	2310		
7	3509	7517	67	10	9	165	31D1	3	3	9231	9	0	2180	5	2150	10	2140		
7	3509	7517	67	10	10	165	31D1	4	3	9231	10	0	2100	5	2090	10	2090	15	2500
7	3509	7517	67	10	11	165	31D1	4	3	9231	11	0	2130	5	2130	10	2140	15	2400
7	3509	7517	67	10	12	165	31D1	3	3	9231	12	0	2030	5	2030	10	2030		
7	3509	7517	67	10	13	165	31D1	3	3	9231	13	0	2070	5	2080	10	2310		
7	3509	7517	67	10	14	165	31D1	3	3	9231	14	0	2010	5	2010	10	2010		
7	3509	7517	67	10	15	165	31D1	3	3	9231	15	0	2500	5	2500	10	2500		
7	3509	7517	67	10	16	165	31D1	3	3	9231	16	0	2590	5	2590	10	2590		
7	3509	7517	67	10	17	165	31D1	3	3	9231	17	0	2520	5	2530	10	2510		
7	3509	7517	67	10	18	165	31D1	4	3	9231	18	0	2310	5	2310	10	2310	15	2310
7	3509	7517	67	10	19	165	31D1	4	3	9231	19	0	2310	5	2310	10	2310	15	2310
7	3509	7517	67	10	20	165	31D1	3	3	9231	20	0	2330	5	2330	10	2310		
7	3509	7517	67	10	21	165	31D1	3	3	9231	21	0	2320	5	2320	10	2310		
7	3509	7517	67	10	22	165	31D1	4	3	9231	22	0	2210	5	2220	10	2210	15	2200
7	3509	7517	67	10	23	165	31D1	3	3	9231	23	0	2240	5	2250	10	2250		
7	3509	7517	67	10	24	165	31D1	3	3	9231	24	0	2440	5	2450	10	2440		
7	3509	7517	67	11	1	175	31D1	3	3	9239	1	0	1830	5	1830	10	1830		
7	3509	7517	67	11	2	175	31D1	3	3	9239	2	0	2000	5	1980	10	1990		
7	3509	7517	67	11	3	175	31D1	3	3	9239	3	0	1830	5	1790	10	1810		
7	3509	7517	67	11	4	175	31D1	3	3	9239	4	0	1750	5	1770	10	1880		
7	3509	7517	67	11	5	175	31D1	3	3	9239	5	0	1790	5	1780	10	1790		
7	3509	7517	67	11	6	175	31D1	3	3	9239	6	0	1600	5	1590	10	1640		
7	3509	7517	67	11	7	175	31D1	3	3	9239	7	0	1970	5	1990	10	2090		
7	3509	7517	67	11	8	175	31D1	3	3	9239	8	0	1510	5	1500	10	1500		
7	3509	7517	67	11	9	175	31D1	3	3	9239	9	0	1940	5	2070	10	2100		
7	3509	7517	67	11	10	175	31D1	2	3	9239	10	0	2050	5	2130				
7	3509	7517	67	11	11	175	31D1	3	3	9239	11	0	1780	5	1890	10	2120		
7	3509	7517	67	11	13	175	31D1	2	3	9239	13	0	2160	5	2170				
7	3509	7517	67	11	14	175	31D1	3	3	9239	14	0	1920	5	1950	10	1970		
7	3509	7517	67	11	15	175	31D1	3	3	9239	15	0	2180	5	2180	10	2180		
7	3509	7517	67	11	16	175	31D1	3	3	9239	16	0	1530	5	1530	10	1530		
7	3509	7517	67	11	17	175	31D1	4	3	9239	17	0	2310	5	2290	10	2240	15	2240
7	3509	7517	67	11	18	175	31D1	3	3	9239	18	0	2040	5	2040	10	2040		
7	3509	7517	67	11	19	175	31D1	2	3	9239	19	0	2170	5	2170				
7	3509	7517	67	11	20	175	31D1	3	3	9239	20	0	2160	5	2140	10	2140		
7	3509	7517	67	11	21	175	31D1	3	3	9239	21	0	2160	5	2140	10	2140		
7	3509	7517	67	11	22	175	31D1	3	3	9239	22	0	1730	5	1730	10	1720		
7	3509	7517	67	11	23	178	31D1	3	3	9239	23	0	2170	5	2170	10	2170		
7	3509	7517	67	11	24	175	31D1	3	3	9239	24	0	2170	5	2170	10	2170		
7	3509	7517	67	11	25	175	31D1	3	3	9239	25	0	1900	5	1900	10	1910		
7	3509	7517	67	11	26	175	31D1	4	3	9239	26	0	2220	5	2220	10	2220	15	2220
7	3509	7517	67	11	27	175	31D1	3	3	9239	27	0	2210	5	2210	10	2210		
7	3509	7517	67	11	28	175	31D1	3	3	9239	28	0	2100	5	2100	10	2100		
7	3509	7517	67	11	29	175	31D1	3	3	9239	29	0	2000	5	2000	10	2000		
7	3509	7517	67	11	30	175	31D1	3	3	9239	30	0	2140	5	2140	10	2140
7	3509	7517	67	12	2	175	31D1	3	3	9254	2	0	2220	5	2220	10	2190
