quad	lat	lon	yr	mo	day	time	ship_code	#groups	data type	cruise	station																	
7	3827	7435	65	6	1	140	31DL	8	3	6682	1	0	1600	5	1590	10	1410	15	1100	20	800	25	740	30	740	35	730	
7	3827	7535	65	6	5	140	31DL	7	3	6682	5	0	1630	5	1610	10	1550	15	1330	20	740	25	720	30	720			
7	3827	7435	65	6	6	140	31DL	7	3	6682	6	0	1780	5	1750	10	1700	15	1450	20	890	25	860	30	850			
7	3827	7435	65	6	8	140	31DL	6	3	6682	8	0	1880	5	1820	10	1770	15	1600	20	980	25	870					
7	3827	7435	65	6	9	140	31DL	7	3	6682	9	0	1780	5	1760	10	1740	15	1400	20	760	25	690	30	680			
7	3827	7435	65	6	10	140	31DL	7	3	6682	10	0	1810	5	1800	10	1780	15	1590	20	860	25	650	30	660			
7	3827	7435	65	6	11	140	31DL	7	3	6682	11	0	1860	5	1810	10	1700	15	1160	20	880	25	700	30	670			
7	3827	7435	65	6	12	140	31DL	8	3	6682	12	0	1860	5	1830	10	1690	15	1200	20	760	25	650	30	640	35	610	
7	3827	7435	65	6	13	140	31DL	9	3	6682	13	0	1900	5	1850	10	1630	15	1260	20	760	25	660	30	650	35	630	40 630
7	3827	7435	65	6	14	140	31DL	7	3	6682	14	0	1900	5	1880	10	1830	15	1280	20	770	25	670	30	670			
7	3827	7435	65	6	17	140	31DL	7	3	6682	16	0	1510	5	1510	10	1500	15	1500	20	1490	25	1490	30	1490			
7	3827	7435	65	6	19	140	31DL	8	3	6682	18	0	1530	5	1530	10	1510	15	1500	20	1500	25	1490	30	1480	35	1470	
7	3827	7435	65	6	20	140	31DL	8	3	6682	19	0	1600	5	1580	10	1570	15	1530	20	1520	25	1510	30	1430	35	1090	
7	3827	7435	65	6	23	140	31DL	7	3	6682	22	0	1810	5	1750	10	1670	15	1580	20	1490	25	1300	30	950			
7	3827	7435	65	6	25	140	31DL	7	3	6682	24	0	1820	5	1780	10	1770	15	1530	20	1480	25	1270	30	980			
7	3827	7435	65	6	26	140	31DL	7	3	6682	25	0	1850	5	1830	10	1630	15	1570	20	1500	25	1250	30	1080
7	3827	7435	65	6	29	140	31DL	7	3	6682	28	0	1960	5	1880	10	1590	15	1510	20	1470	25	1160	30	1120
7	3827	7438	65	8	1	137	31DL	6	3	6683	1	0	2280	5	2270	10	2260	15	1760	20	810	25	810		
7	3827	7438	65	8	2	137	31DL	7	3	6683	2	0	2200	5	2200	10	2180	15	1580	20	880	25	870	30	880
7	3827	7438	65	8	3	137	31DL	4	3	6683	3	0	2210	5	2210	10	2200	15	1620						
7	3827	7438	65	8	4	137	31DL	7	3	6683	4	0	2280	5	2270	10	2190	15	1870	20	1020	25	940	30	860
7	3827	7438	65	8	7	137	31DL	7	3	6683	7	0	2250	5	2230	10	2220	15	1610	20	970	25	840	30	810
7	3827	7438	65	8	9	137	31DL	4	3	6683	9	0	2470	5	2430	10	2310	15	1530						
7	3827	7438	65	8	10	137	31DL	7	3	6683	10	0	2410	5	2400	10	2340	15	1720	20	100	25	830	30	810
7	3827	7438	65	8	13	137	31DL	3	3	6683	13	0	2350	5	2350	10	2220								
7	3827	7438	65	8	17	137	31DL	7	3	6683	17	0	2560	5	2530	10	2450	15	1960	20	1210	25	840	30	840
7	3827	7438	65	8	18	137	31DL	4	3	6683	18	0	2580	5	2550	10	2470	15	2090						
7	3827	7438	65	8	19	137	31DL	6	3	6683	19	0	2490	5	2480	10	2280	15	1590	20	760	25	730		
7	3827	7438	65	8	20	137	31DL	6	3	6683	20	0	2420	5	2410	10	2390	15	1490	20	800	25	770		
7	3827	7438	65	8	21	137	31DL	4	3	6683	21	0	2520	5	2500	10	2260	15	1650						
7	3827	7438	65	8	22	137	31DL	6	3	6683	22	0	2500	5	2500	10	2440	15	1830	20	1090	25	830		
7	3827	7438	65	8	23	137	31DL	4	3	6683	23	0	2430	5	2390	10	2000	15	1370									
7	3827	7438	65	8	24	137	31DL	7	3	6683	24	0	2440	5	2400	10	2040	15	1710	20	1230	25	880	30	840			
7	3827	7438	65	8	25	137	31DL	7	3	6683	25	0	2350	5	2280	10	2000	15	1590	20	900	25	870	30	870			
7	3827	7438	65	8	27	137	31DL	7	3	6683	27	0	2090	5	2080	10	1670	15	1150	20	910	25	890	30	900			
7	3827	7438	65	8	28	137	31DL	7	3	6683	28	0	2370	5	2350	10	2220	15	1530	20	1050	25	870	30	830			
7	3827	7438	65	8	29	137	31DL	6	3	6683	29	0	2110	5	2100	10	1730	15	1180	20	930	25	910					
7	3827	7438	65	8	30	137	31DL	7	3	6683	30	0	1800	5	1820	10	1810	15	1770	20	1520	25	920	30	900			
7	3827	7438	65	8	31	137	31DL	7	3	6683	31	0	1780	5	1770	10	1630	15	1560	20	1040	25	800	30	770			
7	3827	7435	65	9	10	137	31DL	7	3	6684	10	0	2080	5	2080	10	2070	15	2000	20	1270	25	1230	30	1230			
7	3827	7435	65	9	11	137	31DL	7	3	6684	11	0	2070	5	2070	10	2060	15	2030	20	1350	25	1040	30	1010			
7	3827	7435	65	9	12	137	31DL	13	3	6684	12	0	2120	5	2120	10	2120	15	2100	20	1530	25	1070	30	1040	35	1020	40 990  45 980  50 970  55 960  60 940
7	3827	7435	65	9	13	137	31DL	2	3	6684	13	0	2090	5	2090													
7	3827	7435	65	9	15	137	31DL	7	3	6684	15	0	2030	5	2030	10	2030	15	2030	20	1620	25	1340	30	1200			
7	3827	7435	65	9	18	137	31DL	10	3	6684	18	0	1990	5	1960	10	1960	15	1940	20	1750	25	1410	30	1270	35	1160	401060  45 990
7	3827	7435	65	9	19	137	31DL	7	3	6684	19	0	2010	5	2000	10	1910	15	1630	20	1330	25	1280	30	1110			
7	3827	7435	65	9	20	137	31DL	6	3	6684	20	0	2050	5	2000	10	1910	15	1620	20	1330	25	1330					
7	3827	7435	65	9	21	137	31DL	8	3	6684	21	0	2030	5	2010	10	1850	15	1700	20	1520	25	1390	30	1230	35	1120
7	3827	7435	65	9	23	137	31DL	6	3	6684	23	0	2060	5	2060	10	2050	15	1850	20	1510	25	1250				
7	3827	7435	65	9	24	137	31DL	3	3	6684	24	0	2110	5	2090	10	2090										
7	3827	7435	65	9	29	137	31DL	7	3	6684	29	0	1930	5	1930	10	1930	15	1930	20	1290	25	1250	30	1240		
7	3827	7435	65	9	30	137	31DL	7	3	6684	30	0	1920	5	1910	10	1910	15	1900	20	1900	25	1430	30	1280		
7	3827	7435	65	11	1	147	31DL	7	3	6720	1	0	1260	5	1250	10	1240	15	1240	20	1230	25	1220	30	1050		
7	3827	7435	65	11	2	147	31DL	6	3	6720	2	0	1200	5	1200	10	1200	15	1200	20	1200	25	1190				
7	3827	7435	65	11	10	147	31DL	8	3	6720	6	0	980	5	980	10	980	15	980	20	970	25	870	30	830	35	810
7	3827	7435	65	11	11	147	31DL	8	3	6720	7	0	1110	5	1110	10	1110	15	1110	20	1110	25	1100	30	980	35	940
7	3827	7435	65	11	12	147	31DL	7	3	6720	8	0	1110	5	1100	10	1100	15	1100	20	1100	25	1090	30	1070		
7	3827	7435	65	11	19	147	31DL	7	3	6720	13	0	1030	5	1030	10	1030	15	1030	20	1030	25	1020	30	1020		
7	3827	7435	65	11	20	147	31DL	7	3	6720	14	0	1010	5	1010	10	1010	15	1010	20	1010	25	1010	30	1010		
7	3827	7435	65	11	22	147	31DL	7	3	6720	16	0	1010	5	1010	10	1010	15	1010	20	1010	25	1010	30	1010		
7	3827	7435	65	11	23	147	31DL	8	3	6720	17	0	1010	5	1010	10	1010	15	1010	20	1010	25	1010	30	1010	35	1010
7	3827	7435	65	11	24	147	31DL	8	3	6720	18	0	990	5	990	10	990	15	990	20	990	25	990	30	990	35	990
7	3827	7435	65	11	25	147	31DL	8	3	6720	19	0	990	5	990	10	990	15	990	20	990	25	980	30	980	35	970
7	3827	7435	65	11	26	147	31DL	2	3	6720	20	0	980	5	980													
7	3827	7435	65	11	28	147	31DL	12	3	6720	21	0	1170	5	1150	10	1140	15	1140	20	1160	25	1150	30	1140	35	1140	401040  451020  501010  551010
7	3827	7435	65	11	29	147	31DL	9	3	6720	22	0	1110	5	1160	10	1160	15	1150	20	1150	25	1150	30	1150	35	1150	401140
7	3827	7435	65	12	1	170	31DL	5	3	7134	1	0	1110	5	1150	10	1150	15	1140	20	1140							
7	3827	7435	65	12	4	170	31DL	3	3	7134	4	0	1110	5	1110	10	1100											
7	3827	7435	65	12	6	150	31DL	8	3	7134	6	0	1110	5	1110	10	1110	15	1110	20	1110	25	1110	30	1110	35	1110	
7	3827	7435	65	12	7	150	31DL	9	3	7134	7	0	1070	5	1070	10	1070	15	1060	20	1060	25	1060	30	1050	35	1040	401030
7	3827	7435	65	12	8	150	31DL	8	3	7134	8	0	1010	5	1010	10	1010	15	1010	20	1010	25	1010	30	1010	35	1010	
7	3827	7435	65	12	9	150	31DL	9	3	7134	9	0	1000	5	1000	10	1000	15	1000	20	1000	25	1000	30	1000	35	1000	40 990
7	3827	7435	65	12	10	150	31DL	9	3	7134	10	0	970	5	970	10	970	15	970	20	970	25	970	30	970	35	970	40 970
7	3827	7435	65	12	12	150	31DL	7	3	7134	12	0	990	5	990	10	990	15	980	20	980	25	990	30	990			
7	3827	7435	65	12	13	150	31DL	7	3	7134	13	0	980	5	980	10	980	15	970	20	970	25	960	30	960			
7	3827	7435	65	12	15	150	31DL	7	3	7134	15	0	950	5	920	10	920	15	920	20	930	25	930	30	930			
7	3827	7435	65	12	16	150	31DL	7	3	7134	16	0	920	5	910	10	910	15	910	20	920	25	920	30	920			
7	3827	7435	65	12	17	150	31DL	7	3	7134	17	0	910	5	910	10	910	15	910	20	910	25	910	30	910			
7	3827	7435	65	12	18	150	31DL	7	3	7134	18	0	900	5	900	10	900	15	890	20	890	25	890	30	910			
7	3827	7435	65	12	19	150	31DL	7	3	7134	19	0	890	5	880	10	890	15	890	20	890	25	890	30	870			
7	3827	7435	65	12	20	150	31DL	7	3	7134	20	0	870	5	870	10	860	15	860	20	860	25	850	30	860			
7	3827	7435	65	12	21	150	31DL	8	3	7134	21	0	790	5	790	10	790	15	790	20	790	25	790	30	790	35	790	
7	3827	7435	65	12	26	150	31DL	7	3	7134	26	0	800	5	810	10	810	15	800	20	800	25	800	30	800			
7	3827	7440	65	12	28	150	31DL	9	3	7134	28	0	800	5	800	10	800	15	810	20	810	25	810	30	820	35	810	40 790
7	3827	7435	65	12	29	150	31DL	10	3	7134	29	0	830	5	820	10	830	15	830	20	830	25	830	30	830	35	830	40 810  45 790
7	3827	7435	65	12	30	150	31DL	7	3	7134	30	0	790	5	790	10	790	15	790	20	810	25	810	30	810			
7	3827	7435	65	12	31	150	31DL	9	3	7134	31	0	800	5	790	10	790	15	810	20	830	25	830	30	840	35	840	40 810
7	3827	7435	66	1	1	150	31DL	7	3	7135	1	0	790	5	790	10	790	15	790	20	810	25	810	30	820			
7	3827	7435	66	1	2	150	31DL	8	3	7135	2	0	900	5	870	10	870	15	860	20	860	25	860	30	860	35	840	
7	3827	7435	66	1	3	150	31DL	8	3	7135	3	0	900	5	900	10	900	15	900	20	900	25	910	30	910	35	900	
7	3827	7435	66	1	4	150	31DL	5	3	7135	4	0	750	5	750	10	760	15	750	20	750							
7	3827	7435	66	1	5	150	31DL	7	3	7135	5	0	720	5	710	10	710	15	710	20	710	25	710	30	710			
7	3827	7435	66	1	6	150	31DL	9	3	7135	6	0	900	5	850	10	850	15	850	20	840	25	840	30	840	35	840	40 810
7	3827	7435	66	1	9	150	31DL	8	3	7135	9	0	830	5	830	10	830	15	830	20	830	25	830	30	830	35	830	
7	3827	7435	66	1	10	150	31DL	9	3	7135	10	0	790	5	790	10	790	15	790	20	790	25	790	30	790	35	750	40 760
7	3827	7435	66	1	11	150	31DL	7	3	7135	11	0	790	5	790	10	790	15	790	20	790	25	790	30	790			
7	3827	7435	66	1	12	150	31DL	7	3	7135	12	0	680	5	690	10	690	15	690	20	690	25	680	30	680			
7	3827	7435	66	1	13	150	31DL	7	3	7135	13	0	680	5	690	10	690	15	690	20	690	25	690	30	690			
7	3827	7435	66	1	14	150	31DL	5	3	7135	14	0	690	5	690	10	690	15	690	20	690							
7	3827	7435	66	1	17	150	31DL	7	3	7135	17	0	690	5	690	10	690	15	690	20	690	25	690	30	690			
7	3827	7435	66	1	18	150	31DL	8	3	7135	18	0	620	5	630	10	630	15	630	20	630	25	630	30	630	35	630	
7	3827	7435	66	1	19	150	31DL	3	3	7135	19	0	690	5	670	10	670											
7	3827	7435	66	1	20	150	31DL	9	3	7135	20	0	630	5	630	10	630	15	630	20	630	25	630	30	630	35	640	40 650
7	3827	7435	66	1	21	150	31DL	6	3	7135	21	0	670	5	670	10	670	15	670	20	670	25	670					
7	3827	7435	66	1	22	150	31DL	7	3	7135	22	0	610	5	610	10	610	15	610	20	610	25	610	30	610			
7	3827	7435	66	1	25	150	31DL	6	3	7135	24	0	610	5	620	10	620	15	620	20	630	25	630					
7	3827	7435	66	1	26	150	31DL	4	3	7135	25	0	540	5	560	10	560	15	570									
7	3827	7435	66	1	28	150	31DL	7	3	7135	26	0	410	5	410	10	410	15	410	20	410	25	410	30	410			
7	3827	7435	66	1	29	150	31DL	6	3	7135	27	0	340	5	340	10	350	15	350	20	350	25	350					
7	3827	7435	66	1	99	150	31DL	7	3	7135	7	0	960	5	940	10	940	15	940	20	950	25	940	30	940			
7	3827	7435	66	4	14	150	31DL	7	3	7151	1	0	690	5	690	10	690	15	690	20	690	25	690	30	690			
7	3827	7435	66	4	15	150	31DL	7	3	7151	2	0	710	5	700	10	700	15	700	20	690	25	690	30	690
7	3827	7435	66	4	16	150	31DL	7	3	7151	3	0	720	5	690	10	640	15	630	20	630	25	630	30	630
7	3827	7435	66	4	17	150	31DL	7	3	7151	4	0	720	5	710	10	660	15	630	20	630	25	630	30	630
7	3827	7435	66	4	18	150	31DL	6	3	7151	5	0	780	5	770	10	720	15	640	20	620	25	620		
7	3827	7435	66	4	19	150	31DL	7	3	7151	6	0	870	5	870	10	830	15	740	20	700	25	700	30	700
7	3827	7435	66	4	20	150	31DL	3	3	7151	7	0	700	5	700	10	700								
7	3827	7435	66	4	21	150	31DL	7	3	7151	8	0	770	5	760	10	760	15	650	20	650	25	650	30	660
7	3827	7435	66	4	22	150	31DL	7	3	7151	9	0	960	5	950	10	780	15	670	20	660	25	660	30	660
7	3827	7435	66	4	23	150	31DL	7	3	7151	10	0	950	5	940	10	860	15	730	20	730	25	730	30	730
7	3827	7435	66	4	24	150	31DL	7	3	7151	11	0	980	5	860	10	840	15	760	20	760	25	760	30	760
7	3827	7435	66	4	25	150	31DL	7	3	7151	12	0	950	5	900	10	830	15	690	20	690	25	690	30	690
7	3827	7435	66	4	26	150	31DL	6	3	7151	13	0	830	5	830	10	810	15	760	20	680	25	680		
7	3827	7435	66	4	29	150	31DL	5	3	7151	14	0	750	5	740	10	750	15	770	20	770				
7	3827	7435	66	4	30	150	31DL	5	3	7151	15	0	780	5	770	10	770	15	760	20	770				
7	3827	7435	66	6	1	140	31DL	7	3	9016	1	0	1370	5	1350	10	1070	15	890	20	810	25	800	30	800
7	3827	7435	66	6	2	140	31DL	7	3	9016	2	0	1330	5	1330	10	1310	15	1100	20	890	25	810	30	800
7	3827	7435	66	6	3	140	31DL	6	3	9016	3	0	1360	5	1350	10	1350	15	1260	20	980	25	830		
7	3827	7435	66	6	4	140	31DL	7	3	9016	4	0	1350	5	1340	10	1240	15	790	20	790	25	790	30	790
7	3827	7435	66	6	5	140	31DL	7	3	9016	5	0	1460	5	1460	10	1250	15	980	20	980	25	770	30	760
7	3827	7435	66	6	6	140	31DL	7	3	9016	6	0	1490	5	1490	10	1370	15	1000	20	800	25	760	30	750
7	3827	7435	66	6	7	140	31DL	7	3	9016	7	0	1570	5	1560	10	1330	15	910	20	790	25	740	30	730
7	3827	7435	66	6	8	140	31DL	7	3	9016	8	0	1620	5	1600	10	1200	15	950	20	750	25	740	30	740
7	3827	7435	66	6	9	140	31DL	7	3	9016	9	0	1730	5	1730	10	1390	15	1060	20	830	25	780	30	780
7	3827	7435	66	6	10	140	31DL	7	3	9016	10	0	1720	5	1710	10	1600	15	1080	20	820	25	770	30	770
7	3827	7435	66	6	11	140	31DL	7	3	9016	11	0	1700	5	1700	10	1690	15	1260	20	860	25	820	30	810
7	3827	7435	66	6	12	140	31DL	7	3	9016	12	0	1510	5	1510	10	1510	15	1510	20	900	25	890	30	890
7	3827	7435	66	6	15	140	31DL	3	3	9016	13	0	1500	5	1450	10	1400								
7	3827	7435	66	6	16	140	31DL	7	3	9016	14	0	1500	5	1490	10	1410	15	1280	20	1260	25	1080	30	880
7	3827	7435	66	6	17	140	31DL	7	3	9016	15	0	1580	5	1560	10	1500	15	1300	20	1270	25	1150	30	870
7	3827	7435	66	6	18	140	31DL	7	3	9016	16	0	1650	5	1610	10	1520	15	1370	20	1300	25	1050	30	930
7	3827	7435	66	6	19	140	31DL	7	3	9016	17	0	1690	5	1680	10	1600	15	1440	20	1310	25	1010	30	900
7	3827	7435	66	6	20	140	31DL	7	3	9016	18	0	1660	5	1660	10	1600	15	1420	20	1240	25	910	30	820
7	3827	7435	66	6	21	140	31DL	7	3	9016	19	0	1790	5	1770	10	1730	15	1500	20	1460	25	1100	30	1000		
7	3827	7435	66	6	22	140	31DL	7	3	9016	20	0	1790	5	1790	10	1700	15	1430	20	1310	25	1040	30	990		
7	3827	7435	66	6	23	140	31DL	7	3	9016	21	0	1790	5	1790	10	1600	15	1400	20	1110	25	950	30	900		
7	3827	7435	66	6	24	140	31DL	8	3	9016	22	0	1840	5	1800	10	1670	15	1400	20	1330	25	1000	30	1000	35	900
7	3827	7435	66	6	25	140	31DL	7	3	9016	23	0	1900	5	1860	10	1740	15	1400	20	1150	25	980	30	910		
7	3827	7435	66	6	26	140	31DL	7	3	9016	24	0	1900	5	1900	10	1640	15	1350	20	1100	25	900	30	900		
7	3827	7435	66	6	27	140	31DL	3	3	9016	25	0	1950	5	1930	10	1600										
7	3827	7435	66	6	28	140	31DL	6	3	9016	26	0	2000	5	1990	10	1830	15	1350	20	970	25	840				
7	3827	7435	66	6	29	140	31DL	7	3	9016	27	0	1900	5	1900	10	1850	15	1300	20	1080	25	960	30	950		
7	3827	7435	66	6	30	140	31DL	7	3	9016	28	0	1990	5	1920	10	1580	15	1400	20	1170	25	900	30	900		
7	3827	7435	66	7	1	140	31DL	7	3	9067	1	0	2100	5	2060	10	1870	15	1540	20	1200	25	1050	30	910		
7	3827	7435	66	7	2	140	31DL	7	3	9067	2	0	2240	5	2050	10	1780	15	1480	20	1110	25	1020	30	970		
7	3827	7435	66	7	3	140	31DL	7	3	9067	3	0	2160	5	2000	10	1600	15	1270	20	1040	25	910	30	910		
7	3827	7435	66	7	4	140	31DL	7	3	9067	4	0	2260	5	2010	10	1610	15	1330	20	970	25	900	30	880		
7	3827	7435	66	7	5	140	31DL	7	3	9067	5	0	2300	5	2160	10	1770	15	1350	20	990	25	890	30	890		
7	3827	7435	66	7	6	140	31DL	4	3	9067	6	0	2220	5	2220	10	1700	15	1400								
7	3827	7435	66	7	8	140	31DL	7	3	9067	8	0	2300	5	2000	10	1620	15	1210	20	900	25	870	30	880			
7	3827	7435	66	7	9	140	31DL	7	3	9067	9	0	2370	5	2220	10	1570	15	1280	20	900	25	890	30	890			
7	3827	7435	66	7	10	140	31DL	7	3	9067	10	0	2380	5	2330	10	1940	15	1370	20	1020	25	870	30	860			
7	3827	7435	66	7	11	140	31DL	7	3	9067	11	0	2130	5	2100	10	1590	15	1590	20	890	25	870	30	850			
7	3827	7435	66	7	13	140	31DL	8	3	9067	13	0	2300	5	2250	10	1620	15	1210	20	990	25	900	30	850	35	820	
7	3827	7435	66	7	14	140	31DL	6	3	9067	14	0	2450	5	2340	10	1730	15	1260	20	1050	25	830					
7	3827	7435	66	7	15	140	31DL	7	3	9067	15	0	2310	5	2260	10	1600	15	1290	20	1110	25	980	30	860			
7	3827	7435	66	7	16	140	31DL	8	3	9067	16	0	2250	5	2230	10	1790	15	1110	20	920	25	870	30	860	35	860	
7	3827	7435	66	7	17	140	31DL	7	3	9067	17	0	2260	5	2240	10	1460	15	1210	20	870	25	870	30	860			
7	3827	7435	66	7	18	140	31DL	9	3	9067	18	0	2280	5	2240	10	1500	15	1140	20	890	25	870	30	870	35	850	40 830
7	3827	7435	66	7	19	140	31DL	7	3	9067	19	0	2270	5	2250	10	1510	15	950	20	880	25	870	30	870			
7	3827	7435	66	7	20	140	31DL	6	3	9067	20	0	2170	5	2160	10	2030	15	1200	20	890	25	830					
7	3827	7435	66	7	21	140	31DL	7	3	9067	21	0	2200	5	2190	10	2020	15	1010	20	870	25	860	30	860			
7	3827	7435	66	7	22	140	31DL	6	3	9067	22	0	2210	5	2210	10	1990	15	910	20	890	25	890					
7	3827	7435	66	7	23	140	31DL	7	3	9067	23	0	2210	5	2200	10	1920	15	970	20	900	25	900	30	890			
7	3827	7435	66	7	24	140	31DL	8	3	9067	24	0	2240	5	2220	10	2010	15	1160	20	910	25	900	30	890	35	900	
7	3827	7435	66	7	25	140	31DL	7	3	9067	25	0	2310	5	2270	10	2080	15	1170	20	900	25	890	30	880		
7	3827	7435	66	7	26	140	31DL	7	3	9067	26	0	2270	5	2240	10	1870	15	1140	20	920	25	900	30	900		
7	3827	7435	66	7	27	140	31DL	7	3	9067	27	0	2300	5	2290	10	2200	15	1600	20	920	25	890	30	890		
7	3827	7435	66	7	28	140	31DL	7	3	9067	28	0	2190	5	2190	10	2190	15	1200	20	930	25	920	30	910		
7	3827	7435	66	7	29	140	31DL	8	3	9067	29	0	2220	5	2210	10	2190	15	1250	20	1030	25	880	30	880	35	860
7	3827	7435	66	7	30	140	31DL	7	3	9067	30	0	2220	5	2200	10	1850	15	1040	20	930	25	900	30	900		
7	3827	7435	66	7	31	140	31DL	6	3	9067	31	0	2140	5	2140	10	2130	15	1010	20	910	25	890				
7	3827	7435	66	8	1	140	31DL	6	3	9034	1	0	2130	5	2130	10	2110	15	1350	20	920	25	910				
7	3827	7435	66	8	2	140	31DL	6	3	9034	2	0	2170	5	2140	10	2130	15	1350	20	1000	25	920				
7	3827	7435	66	8	3	140	31DL	6	3	9034	3	0	2050	5	2040	10	2020	15	1260	20	920	25	890				
7	3827	7435	66	8	4	140	31DL	7	3	9034	4	0	2150	5	2140	10	2140	15	2000	20	930	25	900	30	900		
7	3827	7435	66	8	5	140	31DL	5	3	9034	5	0	2160	5	2160	10	2130	15	2000	20	920						
7	3827	7435	66	8	6	140	31DL	7	3	9034	6	0	2160	5	2130	10	2120	15	1920	20	920	25	920	30	920		
7	3827	7435	66	8	7	140	31DL	7	3	9034	7	0	2190	5	2160	10	2050	15	2050	20	920	25	910	30	910		
7	3827	7435	66	8	8	140	31DL	7	3	9034	8	0	2200	5	2180	10	2110	15	1650	20	930	25	920	30	910		
7	3827	7435	66	8	10	140	31DL	7	3	9034	10	0	2360	5	2340	10	2300	15	1950	20	1070	25	1060	30	1050		
7	3827	7435	66	8	11	140	31DL	7	3	9034	11	0	2230	5	2230	10	2230	15	1060	20	1050	25	1040	30	1040
7	3827	7435	66	8	12	140	31DL	7	3	9034	12	0	2290	5	2280	10	2250	15	1700	20	1050	25	1020	30	1010
7	3827	7435	66	8	13	140	31DL	7	3	9034	13	0	2390	5	2390	10	2380	15	1980	20	1030	25	990	30	990
7	3827	7435	66	8	14	140	31DL	6	3	9034	14	0	2050	5	2040	10	2020	15	1700	20	770	25	730		
7	3827	7435	66	8	15	140	31DL	7	3	9034	15	0	2180	5	2170	10	2100	15	1270	20	910	25	890	30	890
7	3827	7435	66	8	16	140	31DL	7	3	9034	16	0	2210	5	2190	10	2140	15	1950	20	890	25	870	30	860
7	3827	7435	66	8	17	140	31DL	7	3	9034	17	0	2220	5	2210	10	2190	15	1730	20	970	25	910	30	900
7	3827	7435	66	8	18	140	31DL	7	3	9034	18	0	2280	5	2220	10	2000	15	1400	20	1060	25	920	30	910
7	3827	7435	66	8	19	140	31DL	7	3	9034	19	0	2350	5	2300	10	2170	15	1600	20	950	25	930	30	910
7	3827	7435	66	8	20	140	31DL	3	3	9034	20	0	2370	5	2370	10	2360								
7	3827	7435	66	8	21	140	31DL	5	3	9034	21	0	2370	5	2360	10	2150	15	1090	20	890				
7	3827	7435	66	8	22	140	31DL	6	3	9034	22	0	2440	5	2320	10	2090	15	960	20	940	25	940		
7	3827	7435	66	8	23	140	31DL	7	3	9034	23	0	2460	5	2450	10	2270	15	1290	20	940	25	940	30	940
7	3827	7435	66	8	25	140	31DL	7	3	9034	25	0	2360	5	2360	10	2350	15	2070	20	990	25	980	30	980
7	3827	7435	66	8	26	140	31DL	7	3	9034	26	0	2390	5	2380	10	2370	15	2250	20	1060	25	990	30	980
7	3827	7435	66	8	27	140	31DL	7	3	9034	27	0	2380	5	2380	10	2370	15	2250	20	1040	25	970	30	970
7	3827	7435	66	8	28	140	31DL	7	3	9034	28	0	2380	5	2370	10	2370	15	2250	20	1060	25	980	30	980		
7	3827	7435	66	8	29	140	31DL	7	3	9034	29	0	2420	5	2400	10	2390	15	2350	20	1270	25	990	30	970		
7	3827	7435	66	8	30	140	31DL	7	3	9034	30	0	2430	5	2430	10	2390	15	2300	20	1150	25	990	30	980		
7	3827	7435	66	8	31	140	31DL	7	3	9034	31	0	2490	5	2450	10	2440	15	2370	20	1210	25	1020	30	1010		
7	3827	7435	66	9	1	140	31DL	7	3	9070	1	0	2340	5	2320	10	2300	15	2090	20	1060	25	930	30	920		
7	3827	7435	66	9	2	140	31DL	7	3	9070	2	0	2430	5	2430	10	2420	15	2000	20	1040	25	1030	30	1030		
7	3827	7435	66	9	3	140	31DL	7	3	9070	3	0	2430	5	2420	10	2410	15	1970	20	1160	25	1040	30	1040		
7	3827	7035	66	9	4	140	31DL	8	3	9070	4	0	2400	5	2400	10	2390	15	1900	20	1070	25	1060	30	1060	35	1040
7	3827	7435	66	9	5	140	31DL	8	3	9070	5	0	2430	5	2430	10	2420	15	2090	20	1190	25	1180	30	1170	35	1160
7	3827	7435	66	9	6	140	31DL	7	3	9070	6	0	2310	5	2300	10	2300	15	2270	20	960	25	940	30	940		
7	3827	7435	66	9	7	140	31DL	8	3	9070	7	0	2300	5	2300	10	2290	15	2260	20	1010	25	960	30	960	35	920
7	3827	7435	66	9	9	140	31DL	7	3	9070	9	0	2210	5	2200	10	2150	15	1280	20	1260	25	1250	30	1240		
7	3827	7435	66	9	10	140	31DL	7	3	9070	10	0	2090	5	2080	10	2020	15	1210	20	1140	25	1110	30	1110		
7	3827	7435	66	9	11	140	31DL	5	3	9070	11	0	2110	5	2110	10	2100	15	1460	20	1120						
7	3827	7435	66	9	12	140	31DL	7	3	9070	12	0	2180	5	2170	10	2130	15	1980	20	1070	25	1050	30	1050		
7	3827	7435	66	9	13	140	31DL	6	3	9070	13	0	2270	5	2240	10	2240	15	2200	20	1210	25	1130				
7	3827	7435	66	9	14	140	31DL	7	3	9070	14	0	2190	5	2190	10	2190	15	2170	20	1200	25	1110	30	1110
7	3827	7435	66	9	15	140	31DL	7	3	9070	15	0	2100	5	2090	10	2090	15	1860	20	1130	25	1100	30	1100
7	3827	7435	66	9	16	140	31DL	7	3	9070	16	0	2100	5	2100	10	2100	15	2090	20	1310	25	1280	30	1270
7	3827	7435	66	9	17	140	31DL	7	3	9070	17	0	2090	5	2080	10	2070	15	2060	20	1480	25	1450	30	1440
7	3827	7435	66	9	18	140	31DL	7	3	9070	18	0	2130	5	2120	10	2110	15	2110	20	1540	25	1510	30	1500
7	3827	7435	66	9	19	140	31DL	7	3	9070	19	0	2120	5	2110	10	2070	15	2030	20	1510	25	1370	30	1330
7	3827	7435	66	9	20	140	31DL	7	3	9070	20	0	2190	5	2190	10	2180	15	2090	20	1730	25	1670	30	1560
7	3827	7435	66	9	21	140	31DL	7	3	9070	21	0	1990	5	1980	10	1980	15	1980	20	1980	25	1980	30	1980
7	3827	7435	66	9	22	140	31DL	7	3	9070	22	0	2040	5	2030	10	2030	15	2030	20	2030	25	2030	30	2030
7	3827	7435	66	9	23	140	31DL	7	3	9070	23	0	2100	5	2100	10	2100	15	2090	20	2090	25	2030	30	2030
7	3827	7435	66	9	24	140	31DL	7	3	9070	24	0	2090	5	2090	10	2090	15	2090	20	2090	25	2060	30	1940
7	3827	7435	66	9	25	140	31DL	7	3	9070	25	0	2050	5	2050	10	2050	15	2050	20	2040	25	1900	30	1840
7	3827	7435	66	9	26	140	31DL	7	3	9070	26	0	2010	5	2010	10	2010	15	2010	20	2010	25	1810	30	1690
7	3827	7435	66	9	28	140	31DL	6	3	9070	27	0	1900	5	1890	10	1890	15	1890	20	1870	25	1840		
7	3827	7435	66	9	29	140	31DL	6	3	9070	28	0	1770	5	1760	10	1760	15	1750	20	1730	25	1720		
7	3827	7435	66	9	30	140	31DL	6	3	9070	29	0	1850	5	1800	10	1800	15	1780	20	1750	25	1740		
7	3827	7435	66	10	1	140	31DL	6	3	9085	1	0	1880	5	1860	10	1860	15	1860	20	1860	25	1830		
7	3827	7435	66	10	2	140	31DL	5	3	9085	2	0	1760	5	1760	10	1760	15	1760	20	1590				
7	3827	7435	66	10	3	140	31DL	6	3	9085	3	0	1590	5	1590	10	1590	15	1590	20	1590	25	1570		
7	3827	7435	66	10	4	140	31DL	7	3	9085	4	0	1600	5	1600	10	1600	15	1560	20	1550	25	1440	30	1400
7	3827	7435	66	10	7	140	31DL	5	3	9085	7	0	1520	5	1520	10	1510	15	1510	20	1500				
7	3827	7435	66	10	8	140	31DL	6	3	9085	8	0	1500	5	1500	10	1500	15	1500	20	1450	25	1430		
7	3827	7435	66	10	9	140	31DL	6	3	9085	9	0	1600	5	1590	10	1570	15	1530	20	1510	25	1380		
7	3827	7435	66	10	10	140	31DL	7	3	9085	10	0	1590	5	1580	10	1570	15	1540	20	1480	25	1240	30	1110
7	3827	7435	66	10	11	140	31DL	7	3	9085	11	0	1580	5	1570	10	1570	15	1560	20	1510	25	1480	30	1110
7	3827	7435	66	10	13	140	31DL	7	3	9085	12	0	1740	5	1740	10	1740	15	1740	20	1730	25	1520	30	1490
7	3827	7435	66	10	14	140	31DL	7	3	9085	13	0	1740	5	1740	10	1740	15	1740	20	1720	25	1580	30	1270
7	3827	7435	66	10	15	140	31DL	6	3	9085	14	0	1730	5	1730	10	1730	15	1730	20	1580	25	1420		
7	3827	7435	66	10	16	140	31DL	7	3	9085	15	0	1750	5	1750	10	1750	15	1700	20	1660	25	1600	30	1330
7	3827	7435	66	10	17	140	31DL	7	3	9085	16	0	1710	5	1700	10	1700	15	1700	20	1690	25	1460	30	1310
7	3827	7435	66	10	18	140	31DL	7	3	9085	17	0	1650	5	1640	10	1640	15	1640	20	1640	25	1480	30	1310
7	3827	7435	66	10	19	140	31DL	7	3	9085	18	0	1660	5	1660	10	1660	15	1650	20	1640	25	1500	30	1310
7	3827	7435	66	10	20	140	31DL	7	3	9085	19	0	1620	5	1630	10	1630	15	1630	20	1620	25	1600	30	1370		
7	3827	7435	66	10	21	140	31DL	6	3	9085	20	0	1370	5	1370	10	1370	15	1370	20	1370	25	1360				
7	3827	7435	66	10	22	140	31DL	7	3	9085	21	0	1550	5	1550	10	1550	15	1550	20	1560	25	1550	30	1420		
7	3827	7435	66	10	23	140	31DL	7	3	9085	22	0	1570	5	1560	10	1560	15	1560	20	1510	25	1370	30	1240		
7	3827	7435	66	10	24	140	31DL	6	3	9085	23	0	1590	5	1570	10	1540	15	1530	20	1490	25	1340				
7	3827	7435	66	10	25	140	31DL	8	3	9085	24	0	1580	5	1580	10	1580	15	1590	20	1590	25	1550	30	1450	35	1420
7	3827	7435	66	10	26	140	31DL	8	3	9085	25	0	1550	5	1530	10	1530	15	1530	20	1530	25	1510	30	1400	35	1370
7	3827	7435	66	10	27	140	31DL	7	3	9085	26	0	1560	5	1530	10	1530	15	1530	20	1480	25	1430	30	1390		
7	3827	7435	66	10	28	140	31DL	7	3	9085	27	0	1530	5	1530	10	1530	15	1530	20	1530	25	1540	30	1520		
7	3827	7435	66	10	29	140	31DL	7	3	9085	28	0	1500	5	1500	10	1500	15	1480	20	1470	25	1440	30	1420		
7	3827	7435	66	10	30	140	31DL	6	3	9085	29	0	1230	5	1230	10	1230	15	1230	20	1230	25	1230				
7	3827	7435	66	11	2	150	31DL	7	3	9084	2	0	1500	5	1490	10	1490	15	1490	20	1460	25	1430	30	1410		
7	3827	7435	66	11	4	150	31DL	7	3	9084	3	0	1170	5	1170	10	1170	15	1170	20	1170	25	1160	30	1150		
7	3827	7435	66	11	5	150	31DL	7	3	9084	4	0	1160	5	1160	10	1160	15	1160	20	1160	25	1120	30	1110		
7	3827	7435	66	11	7	150	31DL	7	3	9084	5	0	1120	5	1120	10	1120	15	1120	20	1120	25	1120	30	1120		
7	3827	7435	66	11	9	150	31DL	7	3	9084	6	0	1120	5	1120	10	1120	15	1110	20	1110	25	1110	30	1100		
7	3827	7435	66	11	10	150	31DL	6	3	9084	7	0	1210	5	1190	10	1190	15	1190	20	1140	25	1140				
7	3827	7435	66	11	18	150	31DL	7	3	9084	8	0	1350	5	1340	10	1340	15	1320	20	1300	25	1300	30	1290		
7	3827	7435	66	11	20	150	31DL	7	3	9084	10	0	1300	5	1300	10	1300	15	1300	20	1290	25	1290	30	1290		
7	3827	7435	66	11	21	150	31DL	7	3	9084	11	0	1300	5	1290	10	1280	15	1280	20	1280	25	1280	30	1280		
7	3827	7435	66	11	23	150	31DL	7	3	9084	13	0	1220	5	1240	10	1240	15	1230	20	1230	25	1230	30	1230		
7	3827	7435	66	11	25	150	31DL	7	3	9084	15	0	1230	5	1230	10	1220	15	1220	20	1220	25	1210	30	1210		
7	3827	7435	66	11	26	150	31DL	7	3	9084	16	0	1230	5	1230	10	1220	15	1210	20	1210	25	1210	30	1210		
7	3827	7435	66	11	27	150	31DL	7	3	9084	17	0	1220	5	1220	10	1220	15	1220	20	1220	25	1220	30	1220		
7	3827	7435	66	12	3	147	31DL	7	3	9083	3	0	1110	5	1110	10	1110	15	1110	20	1110	25	1110	30	1110		
7	3827	7435	66	12	4	147	31DL	8	3	9083	4	0	1100	5	1100	10	1100	15	1100	20	1100	25	1090	30	1080	35	1070
7	3827	7435	66	12	6	147	31DL	7	3	9083	6	0	1020	5	1040	10	1040	15	1040	20	1050	25	1050	30	1060		
7	3827	7435	66	12	7	147	31DL	7	3	9083	7	0	1250	5	1030	10	1050	15	1050	20	1040	25	1040	30	1040		
7	3827	7435	66	12	8	147	31DL	7	3	9083	8	0	1190	5	1040	10	1050	15	1050	20	1050	25	1050	30	1050		
7	3827	7435	66	12	9	147	31DL	7	3	9083	9	0	1060	5	1040	10	1040	15	1040	20	1040	25	1050	30	1050		
7	3527	7435	66	12	10	147	31DL	7	3	9083	10	0	1050	5	1040	10	1050	15	1080	20	1080	25	1080	30	1070		
7	3827	7435	66	12	12	147	31DL	7	3	9083	11	0	1080	5	1080	10	1080	15	1080	20	1080	25	1080	30	1070		
7	3827	7435	66	12	15	147	31DL	7	3	9083	12	0	1020	5	1020	10	1020	15	1020	20	1020	25	1020	30	1020		
7	3827	7435	66	12	16	147	31DL	7	3	9083	13	0	940	5	1010	10	1010	15	1000	20	1000	25	1000	30	1000		
7	3827	7435	66	12	17	147	31DL	7	3	9083	14	0	960	5	960	10	960	15	970	20	970	25	980	30	980		
7	3827	7435	66	12	19	147	31DL	7	3	9083	16	0	980	5	980	10	990	15	990	20	990	25	990	30	990		
7	3827	7435	66	12	20	170	31DL	7	3	9083	17	0	940	5	970	10	980	15	980	20	990	25	990	30	990		
7	3827	7435	66	12	22	147	31DL	7	3	9083	18	0	900	5	910	10	900	15	900	20	900	25	900	30	900		
7	3827	7435	66	12	23	147	31DL	7	3	9083	19	0	880	5	890	10	890	15	890	20	890	25	890	30	890		
7	3827	7435	66	12	26	147	31DL	7	3	9083	20	0	820	5	820	10	810	15	820	20	830	25	820	30	810		
7	3827	7435	66	12	27	147	31DL	7	3	9083	21	0	800	5	800	10	800	15	800	20	800	25	800	30	800		
7	3827	7435	66	12	28	147	31DL	7	3	9083	22	0	800	5	790	10	790	15	790	20	790	25	790	30	790		
7	3827	7435	66	12	29	147	31DL	8	3	9083	23	0	800	5	800	10	800	15	800	20	800	25	800	30	800	35	800
7	3827	7435	67	1	1	150	31DL	6	3	9132	1	0	880	5	880	10	880	15	890	20	890	25	880				
7	3827	7435	67	1	2	150	31DL	6	3	9132	2	0	850	5	860	10	870	15	870	20	870	25	860				
7	3827	7435	67	1	3	150	31DL	6	3	9132	3	0	850	5	840	10	840	15	840	20	840	25	840				
7	3827	7435	67	1	4	150	31DL	6	3	9132	4	0	850	5	850	10	860	15	860	20	850	25	850				
7	3827	7435	67	1	5	150	31DL	7	3	9132	5	0	860	5	860	10	870	15	870	20	870	25	870	30	860		
7	3827	7435	67	1	6	150	31DL	8	3	9132	6	0	800	5	810	10	810	15	810	20	820	25	810	30	810	35	810	
7	3827	7435	67	1	7	150	31DL	9	3	9132	7	0	810	5	810	10	810	15	810	20	810	25	810	30	810	35	810	40 810
7	3827	7435	67	1	8	150	31DL	8	3	9132	8	0	850	5	850	10	850	15	840	20	850	25	840	30	850	35	840	
7	3827	7435	67	1	9	150	31DL	8	3	9132	9	0	840	5	840	10	850	15	850	20	850	25	860	30	860	35	850	
7	3827	7435	67	1	10	150	31DL	8	3	9132	10	0	850	5	850	10	840	15	840	20	840	25	840	30	840	35	830	
7	3827	7435	67	1	11	150	31DL	8	3	9132	11	0	830	5	830	10	830	15	830	20	840	25	840	30	840	35	840	
7	3827	7435	67	1	12	150	31DL	8	3	9132	12	0	830	5	830	10	830	15	830	20	830	25	830	30	830	35	830	
7	3827	7435	67	1	13	150	31DL	7	3	9132	13	0	820	5	820	10	830	15	880	20	890	25	890	30	890			
7	3827	7435	67	1	14	150	31DL	7	3	9132	14	0	840	5	840	10	850	15	850	20	850	25	850	30	850			
7	3827	7435	67	1	16	150	31DL	9	3	9132	16	0	840	5	840	10	840	15	840	20	840	25	840	30	840	35	830	40 810
7	3827	7435	67	1	20	150	31DL	7	3	9132	18	0	610	5	610	10	610	15	610	20	610	25	610	30	610			
7	3827	7435	67	1	21	150	31DL	6	3	9132	19	0	540	5	540	10	540	15	540	20	540	25	540					
7	3827	7435	67	1	23	150	31DL	7	3	9132	20	0	640	5	640	10	640	15	680	20	760	25	770	30	780			
7	3827	7435	67	1	25	150	31DL	6	3	9132	21	0	700	5	700	10	690	15	740	20	780	25	780					
7	3827	7435	67	1	26	150	31DL	6	3	9132	22	0	700	5	700	10	710	15	760	20	830	25	840					
7	3827	7435	67	1	31	150	31DL	6	3	9132	23	0	690	5	700	10	700	15	700	20	700	25	700					
7	3827	7435	67	2	1	150	31DL	7	3	9107	1	0	670	5	630	10	650	15	650	20	660	25	670	30	700
7	3827	7435	67	2	2	150	31DL	7	3	9107	2	0	630	5	600	10	610	15	650	20	650	25	660	30	660
7	3827	7435	67	2	3	150	31DL	6	3	9107	3	0	670	5	670	10	660	15	660	20	660	25	670		
7	3827	7435	67	2	4	150	31DL	7	3	9107	4	0	700	5	700	10	700	15	700	20	700	25	700	30	700
7	3827	7435	67	2	5	150	31DL	6	3	9107	5	0	610	5	610	10	610	15	620	20	630	25	630		
7	3827	7435	67	2	6	150	31DL	7	3	9107	6	0	630	5	630	10	630	15	630	20	630	25	630	30	630
7	3827	7435	67	2	8	150	31DL	7	3	9107	8	0	490	5	490	10	490	15	490	20	500	25	510	30	520
7	3827	7435	67	2	10	150	31DL	5	3	9107	10	0	360	5	360	10	380	15	390	20	400				
7	3827	7435	67	2	13	150	31DL	7	3	9107	13	0	420	5	430	10	430	15	430	20	430	25	430	30	430
7	3827	7435	67	2	15	150	31DL	7	3	9107	15	0	360	5	370	10	390	15	400	20	400	25	400	30	400
7	3827	7435	67	2	19	150	31DL	6	3	9107	17	0	370	5	370	10	380	15	390	20	400	25	400		
7	3827	7435	67	2	20	150	31DL	7	3	9107	18	0	370	5	370	10	380	15	380	20	400	25	410	30	410
7	3827	7435	67	2	22	150	31DL	7	3	9107	20	0	410	5	410	10	410	15	420	20	420	25	430	30	430
7	3827	7435	67	2	27	150	31DL	7	3	9107	23	0	380	5	370	10	370	15	370	20	370	25	370	30	370
7	3827	7435	67	2	28	150	31DL	7	3	9107	24	0	370	5	370	10	370	15	370	20	370	25	370	30	370
7	3827	7435	67	3	2	150	31DL	7	3	9118	2	0	400	5	410	10	460	15	480	20	490	25	490	30	490
7	3827	7435	67	3	3	150	31DL	7	3	9118	3	0	450	5	450	10	450	15	450	20	440	25	490	30	490
7	3827	7435	67	3	4	150	31DL	7	3	9118	4	0	410	5	410	10	420	15	450	20	490	25	500	30	500
7	3827	7435	67	3	5	150	31DL	7	3	9118	5	0	490	5	490	10	490	15	490	20	490	25	510	30	510
7	3827	7435	67	3	6	150	31DL	7	3	9118	6	0	460	5	460	10	460	15	460	20	480	25	500	30	500
7	3827	7435	67	3	8	150	31DL	7	3	9118	7	0	420	5	420	10	420	15	420	20	410	25	410	30	440
7	3827	7435	67	3	9	150	31DL	7	3	9118	8	0	520	5	530	10	530	15	520	20	510	25	510	30	510
7	3827	7435	67	3	10	150	31DL	6	3	9118	9	0	510	5	510	10	520	15	550	20	530	25	530		
7	3827	7435	67	3	11	150	31DL	7	3	9118	10	0	450	5	450	10	510	15	530	20	540	25	560	30	560
7	3827	7435	67	3	12	150	31DL	7	3	9118	11	0	520	5	520	10	520	15	530	20	550	25	560	30	560
7	3827	7435	67	3	13	150	31DL	7	3	9118	12	0	510	5	510	10	510	15	510	20	510	25	510	30	510
7	3827	7435	67	3	14	150	31DL	7	3	9118	13	0	500	5	490	10	480	15	480	20	480	25	490	30	490
7	3827	7435	67	3	19	150	31DL	7	3	9118	15	0	380	5	380	10	380	15	380	20	380	25	380	30	380
7	3827	7435	67	3	20	150	31DL	7	3	9118	16	0	370	5	370	10	370	15	370	20	370	25	370	30	370
7	3827	7435	67	3	23	150	31DL	7	3	9118	18	0	330	5	320	10	320	15	320	20	320	25	320	30	320
7	3827	7435	67	3	24	150	31DL	7	3	9118	19	0	300	5	300	10	300	15	300	20	310	25	310	30	320
7	3827	7435	67	3	25	150	31DL	7	3	9118	20	0	340	5	330	10	330	15	330	20	330	25	330	30	330
7	3827	7435	67	3	26	150	31DL	7	3	9118	21	0	420	5	390	10	380	15	390	20	390	25	390	30	390
7	3827	7435	67	3	27	150	31DL	7	3	9118	22	0	380	5	380	10	390	15	390	20	390	25	390	30	390
7	3827	7435	67	3	30	150	31DL	7	3	9118	25	0	400	5	400	10	400	15	400	20	390	25	390	30	400
7	3827	7435	67	3	31	150	31DL	7	3	9118	26	0	400	5	400	10	400	15	410	20	420	25	430	30	430
7	3827	7435	67	4	1	150	31DL	7	3	9139	1	0	530	5	520	10	470	15	430	20	430	25	420	30	420
7	3827	7435	67	4	2	150	31DL	7	3	9139	2	0	510	5	490	10	490	15	470	20	460	25	460	30	450
7	3827	7435	67	4	3	150	31DL	7	3	9139	3	0	620	5	520	10	510	15	450	20	480	25	480	30	490
7	3827	7435	67	4	5	150	31DL	7	3	9139	5	0	540	5	540	10	530	15	530	20	490	25	490	30	480
7	3827	7435	67	4	6	150	31DL	7	3	9139	6	0	560	5	550	10	540	15	530	20	520	25	490	30	490
7	3827	7435	67	4	7	150	31DL	7	3	9139	7	0	590	5	590	10	550	15	490	20	490	25	490	30	490
7	3827	7435	67	4	8	150	31DL	7	3	9139	8	0	580	5	570	10	570	15	530	20	490	25	490	30	490
7	3827	7435	67	4	9	150	31DL	7	3	9139	9	0	510	5	500	10	500	15	500	20	510	25	510	30	500
7	3827	7435	67	4	10	150	31DL	7	3	9139	10	0	540	5	540	10	540	15	550	20	540	25	540	30	530
7	3827	7435	67	4	11	150	31DL	7	3	9139	11	0	550	5	550	10	550	15	540	20	540	25	540	30	540
7	3827	7435	67	4	12	150	31DL	7	3	9139	12	0	570	5	570	10	560	15	570	20	570	25	570	30	570
7	3827	7435	67	4	13	150	31DL	7	3	9139	13	0	550	5	540	10	540	15	550	20	550	25	540	30	530
7	3827	7435	67	4	14	150	31DL	6	3	9139	14	0	580	5	580	10	570	15	560	20	560	25	560				
7	3827	7435	67	4	15	150	31DL	7	3	9139	15	0	620	5	610	10	580	15	550	20	550	25	560	30	540		
7	3827	7435	67	4	16	150	31DL	7	3	9139	16	0	650	5	640	10	630	15	580	20	550	25	560	30	560		
7	3827	7435	67	4	17	150	31DL	6	3	9139	17	0	630	5	630	10	630	15	620	20	590	25	580				
7	3827	7435	67	4	20	150	31DL	7	3	9139	19	0	720	5	710	10	710	15	710	20	710	25	710	30	710		
7	3827	7435	67	4	21	150	31DL	7	3	9139	20	0	770	5	750	10	740	15	720	20	710	25	710	30	710		
7	3827	7435	67	4	22	150	31DL	7	3	9139	21	0	740	5	740	10	730	15	730	20	730	25	720	30	720		
7	3827	7435	67	4	26	150	31DL	8	3	9139	22	0	800	5	780	10	780	15	780	20	780	25	780	30	780	35	780
7	3827	7435	67	4	29	150	31DL	7	3	9139	23	0	780	5	780	10	780	15	770	20	770	25	770	30	760		
7	3827	7435	67	4	30	150	31DL	7	3	9139	24	0	780	5	780	10	780	15	780	20	780	25	780	30	790		
7	3827	7435	67	5	1	140	31DL	7	3	9151	1	0	880	5	870	10	840	15	830	20	840	25	840	30	840		
7	3827	7435	67	5	2	140	31DL	7	3	9151	2	0	950	5	940	10	910	15	900	20	840	25	840	30	840		
7	3827	7435	67	5	3	140	31DL	7	3	9151	3	0	850	5	820	10	820	15	760	20	720	25	720	30	720		
7	3827	7435	67	5	4	140	31DL	7	3	9151	4	0	870	5	870	10	880	15	830	20	750	25	720	30	720		
7	3827	7435	67	5	5	140	31DL	6	3	9151	5	0	1050	5	1020	10	1010	15	980	20	850	25	850				
7	3827	7435	67	5	6	140	31DL	7	3	9151	6	0	1000	5	970	10	860	15	770	20	730	25	720	30	720		
7	3827	7435	67	5	8	140	31DL	6	3	9151	7	0	990	5	990	10	980	15	970	20	950	25	870				
7	3827	7435	67	5	9	140	31DL	7	3	9151	8	0	910	5	910	10	900	15	780	20	780	25	760	30	760		
7	3827	7435	67	5	11	140	31DL	7	3	9151	10	0	940	5	870	10	840	15	820	20	700	25	700	30	690		
7	3827	7435	67	5	12	140	31DL	7	3	9151	11	0	900	5	900	10	890	15	880	20	860	25	780	30	730		
7	3827	7435	67	5	13	140	31DL	7	3	9151	12	0	940	5	940	10	920	15	890	20	780	25	760	30	760		
7	3827	7435	67	5	14	140	31DL	7	3	9151	13	0	970	5	960	10	950	15	910	20	880	25	810	30	780		
7	3827	7435	67	5	15	140	31DL	7	3	9151	14	0	990	5	960	10	920	15	900	20	820	25	810	30	810		
7	3827	7435	67	5	17	140	31DL	7	3	9151	15	0	1000	5	970	10	900	15	880	20	810	25	750	30	720		
7	3827	7435	67	5	18	140	31DL	7	3	9151	16	0	1100	5	1030	10	980	15	940	20	830	25	790	30	800		
7	3827	7435	67	5	19	140	31DL	7	3	9151	17	0	1090	5	1070	10	920	15	890	20	850	25	800	30	790		
7	3827	7435	67	5	21	140	31DL	7	3	9151	19	0	1060	5	1060	10	1060	15	1050	20	980	25	800	30	800		
7	3827	7435	67	5	22	140	31DL	7	3	9151	20	0	1100	5	1090	10	1080	15	1080	20	1030	25	830	30	820		
7	3827	7435	67	5	27	140	31DL	7	3	9151	21	0	960	5	920	10	910	15	900	20	900	25	900	30	900		
7	3827	7435	67	5	28	140	31DL	8	3	9151	22	0	980	5	920	10	910	15	900	20	900	25	900	30	900	35	900
7	3827	7435	67	5	29	140	31DL	7	3	9151	23	0	970	5	930	10	900	15	860	20	860	25	860	30	850		
7	3827	7435	67	5	30	140	31DL	7	3	9151	24	0	910	5	910	10	880	15	850	20	820	25	820	30	820		
7	3827	7435	67	5	31	140	31DL	7	3	9151	25	0	920	5	920	10	900	15	870	20	840	25	830	30	830
7	3827	7435	67	6	1	140	31DL	7	3	9166	1	0	930	5	890	10	870	15	860	20	850	25	840	30	840
7	3827	7435	67	6	2	140	31DL	7	3	9166	2	0	1020	5	1000	10	930	15	900	20	890	25	880	30	860
7	3827	7435	67	6	3	140	31DL	7	3	9166	3	0	1060	5	990	10	900	15	900	20	900	25	860	30	850
7	3827	7435	67	6	4	140	31DL	7	3	9166	4	0	1240	5	1030	10	910	15	890	20	870	25	850	30	850
7	3827	7435	67	6	5	140	31DL	7	3	9166	5	0	1270	5	1140	10	920	15	890	20	850	25	840	30	840
7	3827	7435	67	6	6	140	31DL	7	3	9166	6	0	1360	5	1030	10	930	15	900	20	890	25	850	30	840
7	3827	7435	67	6	7	140	31DL	7	3	9166	7	0	1600	5	1050	10	910	15	880	20	870	25	860	30	850
7	3827	7435	67	6	8	140	31DL	7	3	9166	8	0	1680	5	1420	10	1070	15	970	20	900	25	810	30	800
7	3827	7435	67	6	9	140	31DL	7	3	9166	9	0	1760	5	1490	10	1070	15	910	20	800	25	800	30	790
7	3827	7435	67	6	10	140	31DL	7	3	9166	10	0	1720	5	1560	10	1130	15	930	20	830	25	790	30	790
7	3827	7435	67	6	11	140	31DL	7	3	9166	11	0	1750	5	1500	10	1000	15	870	20	850	25	820	30	820
7	3827	7435	67	6	12	140	31DL	7	3	9166	12	0	1860	5	1600	10	1050	15	940	20	840	25	810	30	810
7	3827	7435	67	6	14	140	31DL	7	3	9166	14	0	1810	5	1740	10	1050	15	820	20	800	25	800	30	800
7	3827	7435	67	6	15	140	31DL	7	3	9166	15	0	1820	5	1760	10	1110	15	870	20	830	25	820	30	820
7	3827	7435	67	6	16	140	31DL	7	3	9166	16	0	1440	5	1060	10	1060	15	860	20	800	25	800	30	800
7	3827	7435	67	6	17	140	31DL	7	3	9166	17	0	1830	5	1780	10	1150	15	940	20	810	25	810	30	810			
7	3827	7435	67	6	18	140	31DL	7	3	9166	18	0	1900	5	1830	10	1270	15	900	20	870	25	830	30	820			
7	3827	7435	67	6	21	140	31DL	7	3	9166	19	0	1600	5	1530	10	1470	15	1000	20	980	25	970	30	940			
7	3827	7435	67	6	23	140	31DL	7	3	9166	20	0	1900	5	1800	10	1110	15	980	20	840	25	810	30	800			
7	3827	7435	67	6	27	140	31DL	7	3	9166	21	0	1840	5	1740	10	1730	15	1040	20	890	25	890	30	890			
7	3827	7435	67	6	28	140	31DL	7	3	9166	22	0	1890	5	1890	10	1600	15	990	20	970	25	960	30	910			
7	3827	7435	67	6	29	140	31DL	7	3	9166	23	0	1830	5	1820	10	1770	15	1290	20	940	25	900	30	900			
7	3827	7435	67	6	30	140	31DL	7	3	9166	24	0	1910	5	1770	10	1710	15	1010	20	910	25	870	30	860			
7	3827	7435	67	8	1	140	31DL	7	3	9198	1	0	2340	5	2340	10	1600	15	1040	20	990	25	920	30	910			
7	3827	7435	67	8	3	140	31DL	7	3	9198	3	0	2470	5	2460	10	2090	15	1270	20	930	25	920	30	920			
7	3827	7435	67	8	4	140	31DL	9	3	9198	4	0	2480	5	2430	10	2230	15	1250	20	970	25	930	30	930	35	910	40 960
7	3827	7435	67	8	5	140	31DL	8	3	9198	5	0	2400	5	2290	10	2050	15	1250	20	1000	25	940	30	940	35	950	
7	3827	7435	67	8	6	140	31DL	7	3	9198	6	0	2330	5	2310	10	2100	15	1090	20	930	25	930	30	930			
7	3827	7435	67	8	9	140	31DL	7	3	9198	9	0	2500	5	2460	10	2100	15	1530	20	1000	25	900	30	900			
7	3827	7435	67	8	14	140	31DL	7	3	9198	12	0	2320	5	2310	10	2310	15	2250	20	1550	25	1420	30	1420			
7	3827	7435	67	8	15	130	31DL	7	3	9198	13	0	2110	5	2100	10	2080	15	2030	20	1280	25	1200	30	1190			
7	3827	7435	67	8	16	137	31DL	7	3	9198	14	0	2180	5	2160	10	2100	15	2050	20	1190	25	1180	30	1100
7	3827	7435	67	8	17	137	31DL	7	3	9198	15	0	2210	5	2210	10	2160	15	2100	20	1200	25	1160	30	1060
7	3827	7435	67	8	18	137	31DL	7	3	9198	16	0	2200	5	2200	10	2190	15	1960	20	1200	25	1050	30	1040
7	3827	7435	67	8	19	137	31DL	7	3	9198	17	0	2200	5	2200	10	2180	15	2080	20	1140	25	1070	30	1020
7	3827	7435	67	8	20	140	31DL	7	3	9198	18	0	2150	5	2110	10	1730	15	1050	20	1050	25	1050	30	780
7	3827	7435	67	8	21	140	31DL	6	3	9198	19	0	1990	5	1980	10	1340	15	760	20	710	25	680		
7	3827	7435	67	8	22	140	31DL	6	3	9198	20	0	2000	5	1950	10	1050	15	710	20	650	25	640		
7	3827	7435	67	8	24	140	31DL	5	3	9198	22	0	1990	5	1960	10	1010	15	630	20	620				
7	3827	7435	67	8	25	140	31DL	6	3	9198	23	0	2180	5	2120	10	1100	15	1060	20	1060	25	1060		
7	3827	7435	67	8	26	140	31DL	6	3	9198	24	0	2170	5	1720	10	1160	15	1100	20	1070	25	1050		
7	3827	7435	67	8	27	140	31DL	6	3	9198	25	0	2300	5	2110	10	1200	15	1000	20	990	25	980		
7	3827	7435	67	8	28	140	31DL	6	3	9198	26	0	2030	5	1870	10	890	15	780	20	730	25	710		
7	3827	7435	67	8	29	140	31DL	6	3	9198	27	0	2050	5	2010	10	1020	15	970	20	730	25	710		
7	3827	7435	67	8	30	140	31DL	6	3	9198	28	0	2070	5	2030	10	1020	15	960	20	770	25	670		
7	3827	7435	67	8	31	140	31DL	5	3	9198	29	0	2100	5	2060	10	1020	15	970	20	900				
7	3827	7435	67	9	4	140	31DL	6	3	9210	2	0	2050	5	2050	10	2040	15	1700	20	1150	25	1140		
7	3827	7435	67	9	5	140	31DL	5	3	9210	3	0	2060	5	2040	10	2020	15	1800	20	1190		
7	3827	7435	67	9	6	140	31DL	6	3	9210	4	0	2030	5	2010	10	2000	15	1200	20	1090	25	1020
7	3827	7435	67	9	7	140	31DL	5	3	9210	5	0	2090	5	2080	10	2030	15	1150	20	1090		
7	3827	7435	67	9	8	140	31DL	5	3	9210	6	0	2080	5	2030	10	1750	15	1060	20	1050		
7	3827	7435	67	9	9	140	31DL	5	3	9210	7	0	2130	5	2120	10	2040	15	1100	20	1040		
7	3827	7435	67	9	10	140	31DL	5	3	9210	8	0	2110	5	2020	10	1820	15	1120	20	1030		
7	3827	7435	67	9	18	140	31DL	6	3	9210	9	0	1840	5	1840	10	1830	15	1830	20	1820	25	1800
7	3827	7435	67	9	19	140	31DL	5	3	9210	10	0	1790	5	1750	10	1730	15	1710	20	1690		
7	3827	7435	67	9	20	140	31DL	6	3	9210	11	0	1760	5	1720	10	1710	15	1690	20	1680	25	1650
7	3827	7435	67	9	21	140	31DL	6	3	9210	12	0	1720	5	1620	10	1580	15	1550	20	1540	25	1540
7	3827	7435	67	9	22	140	31DL	6	3	9210	13	0	2060	5	2060	10	1920	15	1530	20	1480	25	1220
7	3827	7435	67	9	24	140	31DL	6	3	9210	14	0	1780	5	1780	10	1780	15	1770	20	1690	25	1630
7	3827	7435	67	9	27	140	31DL	6	3	9210	15	0	1790	5	1780	10	1690	15	1650	20	1580	25	1500
7	3827	7435	67	9	28	140	31DL	6	3	9210	16	0	1700	5	1610	10	1600	15	1580	20	1530	25	1510
7	3827	7435	67	10	1	140	31DL	5	3	9242	1	0	1870	5	1840	10	1830	15	1740	20	1700		
7	3827	7435	67	10	2	140	31DL	6	3	9242	2	0	1920	5	1920	10	1730	15	1660	20	1670	25	1670
7	3827	7435	67	10	3	140	31DL	6	3	9242	3	0	1930	5	1920	10	1810	15	1700	20	1690	25	1670
7	3827	7435	67	10	4	140	31DL	6	3	9242	4	0	1890	5	1880	10	1720	15	1630	20	1600	25	1590
7	3827	7435	67	10	5	140	31DL	5	3	9242	5	0	1800	5	1710	10	1640	15	1570	20	1550		
7	3827	7435	67	10	8	140	31DL	6	3	9242	7	0	1840	5	1840	10	1700	15	1690	20	1690	25	1680
7	3827	7435	67	10	10	140	31DL	6	3	9242	8	0	1840	5	1830	10	1620	15	1540	20	1530	25	1510
7	3827	7435	67	10	11	140	31DL	6	3	9242	9	0	1560	5	1560	10	1550	15	1470	20	1400	25	1390
7	3827	7435	67	10	12	140	31DL	6	3	9242	10	0	1540	5	1540	10	1540	15	1480	20	1410	25	1380
7	3827	7435	67	10	13	140	31DL	6	3	9242	11	0	1690	5	1690	10	1670	15	1630	20	1570	25	1500
7	3827	7435	67	10	14	140	31DL	5	3	9242	12	0	1510	5	1510	10	1510	15	1420	20	1390		
7	3827	7435	67	10	15	140	31DL	6	3	9242	13	0	1510	5	1510	10	1510	15	1500	20	1420	25	1410
7	3827	7435	67	10	16	140	31DL	5	3	9242	14	0	1650	5	1640	10	1630	15	1630	20	1560		
7	3827	7435	67	10	17	140	31DL	5	3	9242	15	0	1670	5	1660	10	1650	15	1610	20	1550		
7	3827	7435	67	10	18	140	31DL	5	3	9242	16	0	1670	5	1670	10	1630	15	1630	20	1560		
7	3827	7435	67	10	22	140	31DL	6	3	9242	18	0	1550	5	1560	10	1540	15	1540	20	1530	25	1510
7	3827	7435	67	10	23	140	31DL	6	3	9242	19	0	1530	5	1540	10	1540	15	1530	20	1510	25	1500
7	3827	7435	67	10	24	140	31DL	6	3	9242	20	0	1600	5	1600	10	1600	15	1590	20	1530	25	1500
7	3827	7435	67	10	25	140	31DL	5	3	9242	21	0	1610	5	1600	10	1590	15	1550	20	1530		
7	3827	7435	67	10	26	140	31DL	6	3	9242	22	0	1600	5	1580	10	1580	15	1580	20	1520	25	1510
7	3827	7435	67	10	27	140	31DL	6	3	9242	23	0	1520	5	1520	10	1530	15	1530	20	1490	25	1460
7	3827	7435	67	10	29	140	31DL	6	3	9242	24	0	1490	5	1490	10	1490	15	1490	20	1470	25	1390
7	3827	7435	67	10	30	150	31DL	6	3	9242	25	0	1290	5	1290	10	1290	15	1290	20	1290	25	1290
7	3827	7435	67	10	31	150	31DL	6	3	9242	26	0	1270	5	1270	10	1270	15	1270	20	1270	25	1270
7	3827	7435	67	12	14	150	31DL	5	3	9255	1	0	920	5	920	10	910	15	910	20	910		
7	3827	7435	67	12	18	150	31DL	6	3	9255	2	0	950	5	940	10	950	15	940	20	940	25	930
7	3827	7435	67	12	19	150	31DL	6	3	9255	3	0	920	5	930	10	970	15	970	20	970	25	980
7	3827	7435	67	12	20	150	31DL	6	3	9255	4	0	880	5	880	10	890	15	890	20	900	25	900
7	3827	7435	67	12	21	150	31DL	6	3	9255	5	0	920	5	920	10	920	15	930	20	950	25	950
7	3827	7435	67	12	24	150	31DL	6	3	9255	6	0	930	5	930	10	930	15	930	20	920	25	920
7	3827	7435	67	12	25	150	31DL	6	3	9255	7	0	910	5	900	10	900	15	900	20	910	25	910
7	3827	7435	67	12	27	150	31DL	6	3	9255	8	0	870	5	870	10	870	15	870	20	870	25	880
7	3827	7435	67	12	30	150	31DL	6	3	9255	9	0	810	5	810	10	810	15	810	20	810	25	810
7	3827	7435	67	12	31	150	31DL	6	3	9255	10	0	730	5	730	10	730	15	730	20	720	25	720
7	3827	7435	68	1	18	150	31DL	7	3	9268	7	0	510	5	510	10	510	15	510	20	510	25	510	30	510
7	3827	7435	68	1	19	150	31DL	7	3	9268	8	0	800	5	800	10	800	15	800	20	800	25	800	30	800
7	3827	7435	68	1	20	150	31DL	7	3	9268	9	0	750	5	780	10	800	15	810	20	810	25	810	30	810
7	3827	7435	68	1	21	150	31DL	6	3	9268	10	0	720	5	780	10	840	15	850	20	850	25	850		
7	3827	7435	68	1	27	150	31DL	6	3	9268	12	0	410	5	410	10	410	15	420	20	430	25	430		
7	3827	7435	68	1	28	150	31DL	6	3	9268	13	0	730	5	730	10	730	15	730	20	730	25	730		
7	3827	7435	68	1	29	150	31DL	6	3	9268	14	0	740	5	740	10	740	15	740	20	740	25	740		
7	3827	7435	68	2	1	150	31DL	6	3	9272	1	0	320	5	320	10	340	15	340	20	340	25	340		
7	3827	7435	68	2	2	150	31DL	6	3	9272	2	0	330	5	330	10	330	15	350	20	350	25	360		
7	3827	7435	68	2	3	150	31DL	6	3	9272	3	0	330	5	330	10	330	15	350	20	350	25	360		
7	3827	7435	68	2	4	150	31DL	6	3	9272	4	0	370	5	370	10	370	15	370	20	380	25	410		
7	3827	7435	68	2	6	150	31DL	6	3	9272	5	0	330	5	330	10	330	15	330	20	350	25	450		
7	3827	7435	68	2	7	150	31DL	6	3	9272	6	0	360	5	360	10	360	15	360	20	360	25	450		
7	3827	7435	68	2	9	150	31DL	6	3	9272	7	0	300	5	310	10	310	15	320	20	330	25	340		
7	3827	7435	68	2	12	150	31DL	7	3	9272	8	0	320	5	320	10	320	15	320	20	340	25	360	30	360
7	3827	7435	68	2	15	150	31DL	7	3	9272	9	0	290	5	310	10	350	15	380	20	390	25	390	30	370
7	3827	7435	68	2	16	150	31DL	7	3	9272	10	0	300	5	300	10	300	15	310	20	310	25	310	30	320
7	3827	7435	68	2	17	150	31DL	7	3	9272	11	0	290	5	290	10	300	15	310	20	320	25	320	30	320
7	3827	7435	68	2	18	150	31DL	7	3	9272	12	0	310	5	310	10	320	15	330	20	350	25	420	30	450
7	3827	7435	68	2	19	150	31DL	7	3	9272	13	0	270	5	270	10	270	15	290	20	470	25	490	30	490
7	3827	7435	68	2	20	150	31DL	7	3	9272	14	0	260	5	270	10	270	15	340	20	480	25	520	30	530
7	3827	7435	68	2	22	150	31DL	7	3	9272	16	0	330	5	330	10	340	15	350	20	380	25	440	30	450
7	3827	7435	68	2	23	150	31DL	7	3	9272	17	0	350	5	350	10	350	15	360	20	380	25	450	30	470
7	3827	7435	68	2	24	150	31DL	7	3	9272	18	0	380	5	380	10	370	15	370	20	400	25	450	30	460
7	3827	7435	68	2	26	150	31DL	7	3	9272	19	0	400	5	400	10	400	15	410	20	410	25	410	30	410
7	3827	7435	68	2	28	150	31DL	7	3	9272	20	0	370	5	380	10	390	15	430	20	430	25	430	30	430
7	3827	7435	68	2	29	150	31DL	7	3	9272	21	0	370	5	380	10	400	15	410	20	410	25	410	30	410
7	3827	7435	68	3	5	150	31DL	7	3	9284	1	0	320	5	350	10	380	15	390	20	390	25	400	30	400
7	3827	7435	68	3	6	150	31DL	7	3	9284	2	0	440	5	440	10	450	15	450	20	450	25	450	30	460
7	3827	7435	68	3	9	150	31DL	7	3	9284	4	0	400	5	430	10	440	15	440	20	440	25	450	30	460
7	3827	7435	68	3	10	150	31DL	7	3	9284	5	0	570	5	570	10	570	15	580	20	590	25	590	30	590
7	3827	7435	68	3	11	150	31DL	7	3	9284	6	0	570	5	570	10	570	15	580	20	580	25	580	30	580
7	3827	7435	68	3	15	150	31DL	7	3	9284	7	0	500	5	500	10	500	15	500	20	500	25	500	30	510
7	3827	7435	68	3	17	150	31DL	7	3	9284	9	0	520	5	520	10	520	15	500	20	500	25	500	30	510
7	3827	7435	68	3	19	150	31DL	7	3	9284	10	0	480	5	480	10	480	15	480	20	480	25	480	30	490
7	3827	7435	68	3	20	150	31DL	7	3	9284	11	0	480	5	500	10	500	15	500	20	500	25	500	30	500
7	3827	7435	68	3	21	150	31DL	7	3	9284	12	0	470	5	480	10	480	15	480	20	480	25	480	30	490
7	3827	7435	68	3	22	150	31DL	7	3	9284	13	0	370	5	360	10	340	15	350	20	350	25	350	30	350
7	3827	7435	68	3	25	150	31DL	7	3	9284	14	0	380	5	380	10	380	15	390	20	390	25	390	30	390
7	3827	7435	68	3	27	150	31DL	7	3	9284	16	0	430	5	400	10	390	15	380	20	380	25	390	30	390
7	3827	7435	68	3	28	150	31DL	7	3	9284	17	0	510	5	500	10	480	15	440	20	430	25	430	30	430
7	3827	7435	68	3	29	150	31DL	7	3	9284	18	0	540	5	500	10	440	15	440	20	440	25	440	30	440
7	3827	7435	68	3	31	150	31DL	7	3	9284	20	0	550	5	510	10	440	15	380	20	380	25	380	30	380
7	3827	7435	68	4	3	150	31DL	7	3	9300	2	0	700	5	700	10	690	15	610	20	590	25	580	30	580
7	3827	7435	68	4	4	150	31DL	7	3	9300	3	0	670	5	660	10	590	15	500	20	490	25	480	30	480
7	3827	7435	68	4	7	150	31DL	7	3	9300	4	0	680	5	670	10	650	15	580	20	530	25	530	30	530
7	3827	7435	68	4	8	150	31DL	7	3	9300	5	0	680	5	670	10	660	15	640	20	540	25	530	30	520
7	3827	7435	68	4	10	150	31DL	6	3	9300	7	0	800	5	720	10	620	15	580	20	570	25	560		
7	3827	7435	68	4	11	150	31DL	6	3	9300	8	0	780	5	690	10	570	15	570	20	560	25	560		
7	3827	7435	68	4	12	150	31DL	3	3	9300	9	0	900	5	670	10	620								
7	3827	7435	68	4	13	150	31DL	6	3	9300	10	0	860	5	730	10	670	15	610	20	590	25	580		
7	3827	7435	68	4	15	150	31DL	7	3	9300	12	0	830	5	830	10	800	15	790	20	670	25	670	30	660
7	3827	7435	68	4	17	150	31DL	5	3	9300	13	0	870	5	860	10	820	15	720	20	700				
7	3827	7435	68	4	19	150	31DL	7	3	9300	15	0	910	5	880	10	700	15	700	20	700	25	690	30	680
7	3827	7435	68	4	20	150	31DL	5	3	9300	16	0	850	5	830	10	610	15	600	20	600				
7	3827	7435	68	4	21	150	31DL	7	3	9300	17	0	680	5	680	10	670	15	550	20	540	25	550	30	550
7	3827	7435	68	4	25	150	31DL	6	3	9300	19	0	810	5	810	10	800	15	790	20	770	25	670		
7	3827	7435	68	4	26	150	31DL	7	3	9300	20	0	890	5	890	10	880	15	860	20	770	25	760	30	710
7	3827	7435	68	4	27	150	31DL	7	3	9300	21	0	910	5	880	10	820	15	730	20	720	25	720	30	710
7	3827	7435	68	4	28	140	31DL	7	3	9300	22	0	870	5	830	10	730	15	690	20	690	25	660	30	630
7	3827	7435	68	4	29	140	31DL	7	3	9300	23	0	900	5	830	10	760	15	680	20	660	25	640	30	630
7	3827	7435	68	4	30	140	31DL	6	3	9300	24	0	980	5	860	10	730	15	670	20	640	25	640		
7	3827	7435	68	4	99	150	31DL	6	3	9300	18	0	860	5	860	10	850	15	720	20	700	25	700		
7	3827	7435	68	5	1	140	31DL	6	3	9323	1	0	900	5	890	10	700	15	660	20	640	25	630		
7	3827	7435	68	5	2	140	31DL	6	3	9323	2	0	1160	5	1150	10	1100	15	830	20	830	25	830
7	3827	7435	68	5	3	140	31DL	6	3	9323	3	0	990	5	970	10	720	15	660	20	650	25	640
7	3827	7435	68	5	4	140	31DL	6	3	9323	4	0	1220	5	1190	10	1060	15	870	20	860	25	850
7	3827	7435	68	5	5	140	31DL	6	3	9323	5	0	1110	5	1070	10	930	15	750	20	740	25	740
7	3827	7435	68	5	7	140	31DL	6	3	9323	6	0	1000	5	860	10	640	15	610	20	600	25	600
7	3827	7435	68	5	8	140	31DL	6	3	9323	7	0	1210	5	1180	10	1020	15	820	20	810	25	810
7	3827	7435	68	5	9	140	31DL	6	3	9323	8	0	1060	5	950	10	770	15	620	20	610	25	610
7	3827	7435	68	5	11	140	31DL	5	3	9323	9	0	1210	5	1160	10	1000	15	760	20	740		
7	3827	7435	68	5	16	140	31DL	5	3	9323	12	0	1320	5	1260	10	760	15	730	20	730		
7	3827	7435	68	5	18	140	31DL	5	3	9323	14	0	1400	5	1260	10	760	15	740	20	740		
7	3827	7435	68	5	19	140	31DL	5	3	9323	15	0	1320	5	1070	10	700	15	690	20	680		
7	3827	7435	68	5	21	140	31DL	5	3	9323	16	0	1400	5	1100	10	670	15	650	20	650		
7	3827	7435	68	5	22	140	31DL	5	3	9323	17	0	1380	5	1330	10	820	15	690	20	670		
7	3827	7435	68	5	23	140	31DL	5	3	9323	18	0	1460	5	1360	10	770	15	750	20	740		
7	3827	7435	68	5	25	140	31DL	5	3	9323	19	0	1410	5	1260	10	860	15	800	20	770		
7	3827	7435	68	5	26	140	31DL	5	3	9323	20	0	1450	5	1320	10	790	15	790	20	790		
7	3827	7435	68	5	31	140	31DL	5	3	9323	21	0	1330	5	1330	10	1290	15	1230	20	1230				
7	3827	7435	68	6	4	140	31DL	7	3	9325	4	0	1550	5	1540	10	1530	15	1400	20	1380	25	1370	30	1360
7	3827	7435	68	6	5	140	31DL	7	3	9325	5	0	1510	5	1420	10	1390	15	1300	20	1230	25	1220	30	1220
7	3827	7435	68	6	6	140	31DL	7	3	9325	6	0	1520	5	1350	10	1320	15	1230	20	1170	25	1160	30	1150
7	3827	7435	68	6	7	140	31DL	7	3	9325	7	0	1700	5	1430	10	1280	15	1210	20	1210	25	1210	30	1210
7	3827	7435	68	6	8	140	31DL	7	3	9325	8	0	1900	5	1490	10	1530	15	1420	20	1330	25	1330	30	1330
7	3827	7435	68	6	9	140	31DL	7	3	9325	9	0	1850	5	1630	10	1390	15	1290	20	1220	25	1210	30	1210
7	3827	7435	68	6	10	140	31DL	7	3	9325	10	0	1890	5	1870	10	1440	15	1370	20	1230	25	1220	30	1220
7	3827	7435	68	6	11	140	31DL	7	3	9325	11	0	1850	5	1800	10	1390	15	1250	20	1200	25	1160	30	1150
7	3827	7435	68	6	12	140	31DL	7	3	9325	12	0	1900	5	1510	10	1370	15	1300	20	1170	25	1120	30	1120
7	3827	7435	68	6	13	140	31DL	7	3	9325	13	0	2140	5	2110	10	1630	15	1430	20	1300	25	1300	30	1290
7	3827	7435	68	6	14	140	31DL	7	3	9325	14	0	2100	5	1930	10	1500	15	1230	20	1080	25	1070	30	1070
7	3827	7435	68	6	15	140	31DL	6	3	9325	15	0	1890	5	1760	10	1280	15	1040	20	1040	25	1030		
7	3827	7435	68	6	16	140	31DL	7	3	9325	16	0	1860	5	1880	10	1700	15	1150	20	1130	25	1120	30	1120
7	3827	7435	68	6	17	140	31DL	7	3	9325	17	0	1830	5	1710	10	1430	15	1070	20	1040	25	1030	30	1030
7	3827	7435	68	6	18	140	31DL	7	3	9325	18	0	1880	5	1790	10	1630	15	1070	20	1020	25	1020	30	1020
7	3827	7435	68	6	19	140	31DL	7	3	9325	19	0	1980	5	1940	10	1670	15	1220	20	1140	25	1130	30	1150
7	3827	7435	68	6	20	140	31DL	7	3	9325	20	0	1980	5	1960	10	1600	15	1350	20	1180	25	1070	30	1050
7	3827	7435	68	6	21	140	31DL	7	3	9325	21	0	1950	5	1940	10	1740	15	1360	20	1170	25	1130	30	1120
7	3827	7435	68	6	22	140	31DL	7	3	9325	22	0	1980	5	1960	10	1930	15	1530	20	1180	25	1170	30	1160
7	3827	7435	68	6	29	140	31DL	3	3	9325	28	0	2000	5	1020	10	970								
7	3827	7435	68	6	30	140	31DL	3	3	9325	29	0	1460	5	1460	10	1050								
7	3827	7435	68	7	1	140	31DL	3	3	9334	1	0	2120	5	1400	10	1050								
7	3827	7435	68	7	2	140	31DL	3	3	9334	2	0	2100	5	1850	10	1040								
7	3827	7435	68	7	3	140	31DL	3	3	9334	3	0	2220	5	1730	10	1030								
7	3827	7435	68	7	4	140	31DL	3	3	9334	4	0	2220	5	1400	10	1080								
7	3827	7435	68	7	5	140	31DL	3	3	9334	5	0	2210	5	1400	10	1040								
7	3827	7435	68	7	7	140	31DL	3	3	9334	7	0	980	5	980	10	980								
7	3827	7435	68	7	8	140	31DL	3	3	9334	8	0	2400	5	1900	10	1040								
7	3827	7435	68	7	9	140	31DL	3	3	9334	9	0	2310	5	1190	10	950								
7	3827	7435	68	7	11	140	31DL	3	3	9334	11	0	2200	5	1150	10	840								
7	3827	7435	68	7	12	140	31DL	3	3	9334	12	0	1300	5	1300	10	1080								
7	3827	7435	68	7	13	140	31DL	2	3	9334	13	0	2300	5	1130										
7	3827	7435	68	7	14	140	31DL	2	3	9334	14	0	2400	5	1340										
7	3827	7435	68	7	15	140	31DL	2	3	9334	15	0	2350	5	1230										
7	3827	7435	68	7	16	140	31DL	3	3	9334	16	0	2280	5	1420	10	1110								
7	3827	7435	68	7	17	140	31DL	2	3	9334	17	0	2340	5	1400										
7	3827	7435	68	7	19	140	31DL	7	3	9334	19	0	2490	5	2430	10	2200	15	1590	20	1130	25	940	30	910
7	3827	7435	68	7	22	140	31DL	7	3	9334	21	0	2510	5	2500	10	2450	15	1740	20	1180	25	980	30	950
7	3827	7435	68	7	24	140	31DL	7	3	9334	23	0	2640	5	2630	10	2570	15	1610	20	1220	25	1090	30	1040
7	3827	7435	68	7	25	140	31DL	7	3	9334	24	0	2440	5	2420	10	2200	15	1200	20	910	25	870	30	820
7	3827	7435	68	7	27	140	31DL	7	3	9334	25	0	2500	5	2490	10	2460	15	1710	20	1080	25	850	30	840
7	3827	7435	68	7	28	140	31DL	7	3	9334	26	0	2600	5	2580	10	2540	15	1440	20	1140	25	920	30	910
7	3827	7435	68	7	29	140	31DL	7	3	9334	27	0	2500	5	2500	10	2470	15	1510	20	1210	25	880	30	860
7	3827	7435	68	7	30	140	31DL	7	3	9334	28	0	2500	5	2490	10	2350	15	1490	20	1010	25	860	30	850
7	3827	7435	68	8	1	140	31DL	7	3	9351	1	0	2550	5	2530	10	2400	15	1550	20	930	25	900	30	900
7	3827	7435	68	8	2	140	31DL	7	3	9351	2	0	2500	5	2480	10	2450	15	2100	20	1080	25	900	30	900
7	3827	7435	68	8	4	140	31DL	7	3	9351	4	0	2580	5	2580	10	2570	15	1700	20	1100	25	1000	30	990
7	3827	7435	68	8	5	140	31DL	7	3	9351	5	0	2490	5	2490	10	2250	15	1500	20	1000	25	850	30	860		
7	3827	7435	68	8	6	140	31DL	7	3	9351	6	0	2560	5	2540	10	2390	15	1300	20	880	25	840	30	830		
7	3827	7435	68	8	7	140	31DL	7	3	9351	7	0	2560	5	2520	10	2480	15	1600	20	940	25	860	30	840		
7	3827	7435	68	8	8	140	31DL	8	3	9351	8	0	2600	5	2560	10	2470	15	1850	20	850	25	800	30	800	35	790
7	3827	7435	68	8	9	140	31DL	7	3	9351	9	0	2610	5	2600	10	2500	15	2000	20	1220	25	990	30	980		
7	3827	7435	68	8	12	140	31DL	8	3	9351	11	0	2600	5	2640	10	2640	15	2330	20	1500	25	1220	30	1210	35	1080
7	3827	7435	68	8	13	140	31DL	8	3	9351	12	0	2670	5	2660	10	2650	15	2450	20	1350	25	1130	30	1110	35	1080
7	3827	7435	68	8	14	140	31DL	7	3	9351	13	0	2540	5	2540	10	2520	15	2160	20	1000	25	980	30	930		
7	3827	7435	68	8	15	140	31DL	7	3	9351	14	0	2550	5	2540	10	2540	15	2300	20	1150	25	990	30	930		
7	3827	7435	68	8	17	140	31DL	7	3	9351	16	0	2610	5	2600	10	2590	15	2400	20	1800	25	1050	30	980		
7	3827	7435	68	8	18	140	31DL	7	3	9351	17	0	2610	5	2590	10	2580	15	2150	20	1400	25	1020	30	940		
7	3827	7435	68	8	19	140	31DL	7	3	9351	18	0	2700	5	2690	10	2590	15	2020	20	1390	25	950	30	930		
7	3827	7435	68	8	20	140	31DL	7	3	9351	19	0	2600	5	2600	10	2550	15	2280	20	1450	25	1020	30	1000		
7	3827	7435	68	8	22	140	31DL	7	3	9351	21	0	2400	5	2390	10	2350	15	1350	20	890	25	810	30	800		
7	3827	7435	68	8	23	140	31DL	7	3	9351	22	0	2630	5	2600	10	2600	15	2250	20	1200	25	1020	30	980		
7	3827	7435	68	8	24	140	31DL	8	3	9351	23	0	2670	5	2650	10	2620	15	2420	20	1250	25	990	30	1000	35	990
7	3827	7435	68	8	25	140	31DL	7	3	9351	24	0	2500	5	2490	10	2480	15	2250	20	1150	25	810	30	790
7	3827	7435	68	8	28	140	31DL	7	3	9351	25	0	2520	5	2520	10	2500	15	2450	20	1560	25	1100	30	1030
7	3827	7435	68	8	30	140	31DL	7	3	9351	26	0	2280	5	2280	10	2270	15	2280	20	1750	25	1020	30	1000
7	3827	7435	68	8	31	140	31DL	7	3	9351	27	0	2110	5	2090	10	2080	15	2060	20	930	25	880	30	840
7	3827	7435	68	8	99	140	31DL	7	3	9351	15	0	2600	5	2600	10	2550	15	2050	20	1200	25	1050	30	990
7	3827	7435	68	9	2	140	31DL	7	3	9379	2	0	2300	5	2280	10	2270	15	2230	20	1600	25	1260	30	1120
7	3827	7435	68	9	3	140	31DL	7	3	9379	3	0	2290	5	2270	10	2240	15	2230	20	1460	25	1180	30	1030
7	3827	7435	68	9	4	140	31DL	6	3	9379	4	0	2300	5	2270	10	2250	15	2230	20	1700	25	1370		
7	3827	7435	68	9	5	140	31DL	7	3	9379	5	0	2300	5	2280	10	2280	15	2260	20	2150	25	1000	30	1000
7	3827	7435	68	9	6	140	31DL	7	3	9379	6	0	2280	5	2280	10	2270	15	2240	20	1450	25	1060	30	1010
7	3827	7435	68	9	8	140	31DL	7	3	9379	8	0	2230	5	2220	10	2220	15	2210	20	2050	25	990	30	950
7	3827	7435	68	9	9	140	31DL	7	3	9379	9	0	2220	5	2220	10	2200	15	2140	20	1440	25	1030	30	950
7	3827	7435	68	9	11	140	31DL	7	3	9379	10	0	2170	5	2150	10	2150	15	2140	20	1900	25	1050	30	900
7	3827	7435	68	9	13	140	31DL	7	3	9379	11	0	2300	5	2290	10	2290	15	2280	20	1800	25	1170	30	1150
7	3827	7435	68	9	15	140	31DL	7	3	9379	13	0	2170	5	2130	10	2120	15	2120	20	1950	25	1270	30	1080
7	3827	7435	68	9	16	140	31DL	7	3	9379	14	0	2300	5	2290	10	2290	15	2280	20	2000	25	1240	30	1220
7	3827	7435	68	9	18	140	31DL	7	3	9379	15	0	2090	5	2090	10	2080	15	2070	20	2040	25	1320	30	1280		
7	3827	7435	68	9	19	140	31DL	7	3	9379	16	0	2090	5	2080	10	2080	15	2070	20	1930	25	1450	30	1320		
7	3827	7435	68	9	20	140	31DL	7	3	9379	17	0	2080	5	2080	10	2080	15	2070	20	1630	25	1540	30	1380		
7	3827	7435	68	9	21	140	31DL	7	3	9379	18	0	2220	5	2220	10	2220	15	2220	20	1850	25	1580	30	1470		
7	3827	7435	68	9	22	140	31DL	8	3	9379	19	0	2100	5	2100	10	2080	15	2060	20	1700	25	1470	30	1350	35	1280
7	3827	7435	68	9	23	140	31DL	7	3	9379	20	0	2090	5	2090	10	2080	15	2060	20	1600	25	1380	30	1370		
7	3827	7435	68	9	24	140	31DL	7	3	9379	21	0	2260	5	2250	10	2250	15	2200	20	1750	25	1450	30	1390		
7	3827	7435	68	9	25	140	31DL	7	3	9379	22	0	2290	5	2280	10	2270	15	2100	20	1700	25	1390	30	1220		
7	3827	7435	68	9	26	140	31DL	8	3	9379	23	0	2280	5	2280	10	2250	15	2100	20	1480	25	1300	30	1220	35	1210
7	3827	7435	68	9	27	140	31DL	7	3	9379	24	0	2280	5	2270	10	2250	15	2050	20	1550	25	1360	30	1200		
7	3827	7435	68	9	28	140	31DL	7	3	9379	25	0	2270	5	2260	10	2220	15	2150	20	1700	25	1420	30	1130		
7	3827	7435	68	9	29	140	31DL	8	3	9379	26	0	2100	5	2090	10	2090	15	2070	20	2010	25	1550	30	1130	35	1120
7	3827	7435	68	9	30	140	31DL	7	3	9379	27	0	2080	5	2070	10	2070	15	2050	20	1800	25	1450	30	1170		
7	3827	7435	68	10	1	140	31DL	7	3	9375	1	0	2280	5	2270	10	2260	15	2240	20	2230	25	2000	30	1740		
7	3827	7435	68	10	2	140	31DL	7	3	9375	2	0	2180	5	2130	10	2120	15	2110	20	2050	25	1980	30	1600		
7	3827	7435	68	10	6	140	31DL	7	3	9375	3	0	2050	5	2030	10	2040	15	2070	20	2040	25	1630	30	1550		
7	3827	7435	68	10	10	140	31DL	7	3	9375	4	0	1950	5	1940	10	1930	15	1930	20	1920	25	1520	30	1510			
7	3827	7435	68	10	12	140	31DL	7	3	9375	5	0	1960	5	1930	10	1920	15	1920	20	1900	25	1580	30	1540			
7	3827	7435	68	10	13	140	31DL	7	3	9375	6	0	1920	5	1910	10	1910	15	1910	20	1900	25	1580	30	1480			
7	3827	7435	68	10	14	140	31DL	7	3	9375	7	0	1920	5	1920	10	1920	15	1900	20	1890	25	1630	30	1460			
7	3827	7435	68	10	15	140	31DL	7	3	9375	8	0	1950	5	1940	10	1930	15	1920	20	1730	25	1610	30	1460			
7	3827	7435	68	10	16	140	31DL	9	3	9375	9	0	1940	5	1930	10	1920	15	1920	20	1860	25	1560	30	1420	35	1330	401320
7	3827	7435	68	10	17	140	31DL	7	3	9375	10	0	1980	5	1970	10	1930	15	1920	20	1900	25	1600	30	1410			
7	3827	7435	68	10	18	140	31DL	7	3	9375	11	0	2000	5	1990	10	1960	15	1910	20	1860	25	1530	30	1430			
7	3827	7435	68	10	22	140	31DL	7	3	9375	12	0	1890	5	1880	10	1870	15	1850	20	1850	25	1850	30	1650			
7	3827	7435	68	10	23	140	31DL	9	3	9375	13	0	1840	5	1830	10	1820	15	1820	20	1810	25	1680	30	1660	35	1620	401600
7	3827	7435	68	11	1	150	31DL	7	3	9390	1	0	1610	5	1600	10	1590	15	1590	20	1590	25	1590	30	1590			
7	3827	7435	68	11	2	150	31DL	7	3	9390	2	0	1640	5	1620	10	1610	15	1610	20	1600	25	1590	30	1570			
7	3827	7435	68	11	17	150	31DL	7	3	9390	11	0	1440	5	1440	10	1440	15	1440	20	1430	25	1430	30	1430			
7	3827	7435	68	11	23	150	31DL	6	3	9390	13	0	1400	5	1350	10	1360	15	1360	20	1340	25	1270					
7	3827	7435	68	11	24	150	31DL	7	3	9390	14	0	1200	5	1200	10	1200	15	1210	20	1210	25	1210	30	1210			
7	3827	7435	68	11	28	150	31DL	7	3	9390	15	0	1180	5	1180	10	1180	15	1180	20	1180	25	1170	30	1160			
7	3827	7435	68	11	29	150	31DL	7	3	9390	16	0	1180	5	1170	10	1170	15	1160	20	1160	25	1160	30	1160			
7	3827	7435	68	12	1	150	31DL	7	3	9400	1	0	1210	5	1210	10	1210	15	1200	20	1200	25	1200	30	1200			
7	3827	7435	68	12	3	150	31DL	7	3	9400	3	0	1200	5	1200	10	1200	15	1190	20	1200	25	1210	30	1200			
7	3827	7435	68	12	4	150	31DL	7	3	9400	4	0	1210	5	1210	10	1210	15	1210	20	1210	25	1200	30	1200			
7	3827	7435	68	12	7	150	31DL	11	3	9400	5	0	710	5	700	10	700	15	700	20	700	25	700	30	700	35	690	40 690  45 690  50 680
7	3827	7435	68	12	12	150	31DL	7	3	9400	6	0	1000	5	990	10	990	15	990	20	990	25	990	30	990			
7	3827	7435	68	12	13	150	31DL	6	3	9400	7	0	960	5	960	10	950	15	950	20	940	25	930					
7	3827	7435	68	12	14	150	31DL	7	3	9400	8	0	910	5	910	10	910	15	1010	20	1020	25	1020	30	1020			
7	3827	7435	68	12	18	150	31DL	8	3	9400	9	0	800	5	800	10	810	15	820	20	830	25	840	30	850	35	850	
7	3827	7435	68	12	19	150	31DL	8	3	9400	10	0	800	5	800	10	800	15	790	20	790	25	790	30	790	35	810	
7	3827	7435	68	12	20	150	31DL	8	3	9400	11	0	800	5	800	10	800	15	810	20	810	25	820	30	830	35	800	
7	3827	7435	68	12	22	150	31DL	8	3	9400	12	0	840	5	840	10	840	15	830	20	830	25	830	30	830	35	830	
7	3827	7435	68	12	31	150	31DL	8	3	9400	13	0	1150	5	1140	10	1140	15	1140	20	1150	25	1150	30	1150	35	1150	
7	3827	7435	69	3	4	150	31DL	7	3	9430	1	0	400	5	400	10	400	15	400	20	400	25	400	30	390			
7	3827	7435	69	3	8	150	31DL	8	3	9430	3	0	400	5	390	10	390	15	390	20	390	25	390	30	390	35	370	
7	3827	7435	69	3	14	150	31DL	7	3	9430	4	0	330	5	330	10	330	15	330	20	330	25	330	30	330			
7	3827	7435	69	3	16	150	31DL	8	3	9430	5	0	300	5	300	10	300	15	300	20	300	25	300	30	300	35	300
7	3827	7435	69	3	17	150	31DL	7	3	9430	6	0	300	5	210	10	210	15	230	20	230	25	230	30	240		
7	3827	7435	69	3	18	150	31DL	8	3	9430	7	0	310	5	300	10	300	15	310	20	310	25	310	30	310	35	310
7	3827	7435	69	3	22	150	31DL	7	3	9430	8	0	350	5	350	10	350	15	340	20	340	25	340	30	350		
7	3827	7435	69	3	23	150	31DL	7	3	9430	9	0	440	5	380	10	340	15	330	20	330	25	330	30	330		
7	3827	7435	69	3	24	150	31DL	7	3	9430	10	0	410	5	410	10	400	15	360	20	330	25	320	30	320		
7	3827	7435	69	3	26	150	31DL	7	3	9430	11	0	430	5	420	10	390	15	370	20	370	25	370	30	370		
7	3827	7435	69	3	27	150	31DL	7	3	9430	12	0	410	5	420	10	430	15	430	20	430	25	420	30	420		
7	3827	7435	69	3	28	150	31DL	6	3	9430	13	0	220	5	210	10	200	15	200	20	190	25	190				
7	3827	7435	69	3	30	150	31DL	7	3	9430	14	0	510	5	500	10	480	15	490	20	490	25	430	30	420		
7	3827	7435	69	4	1	150	31DL	8	3	9451	1	0	370	5	370	10	360	15	360	20	350	25	330	30	330	35	310
7	3827	7435	69	4	4	150	31DL	7	3	9451	2	0	470	5	450	10	430	15	400	20	340	25	340	30	340		
7	3827	7435	69	4	7	150	31DL	7	3	9451	3	0	450	5	420	10	420	15	370	20	350	25	350	30	350		
7	3827	7435	69	4	8	150	31DL	7	3	9451	4	0	550	5	470	10	460	15	450	20	380	25	380	30	380		
7	3827	7435	69	4	9	150	31DL	7	3	9451	5	0	530	5	520	10	480	15	390	20	390	25	390	30	370		
7	3827	7435	69	4	11	150	31DL	7	3	9451	6	0	530	5	510	10	480	15	440	20	430	25	420	30	420		
7	3827	7435	69	4	13	150	31DL	7	3	9451	7	0	500	5	490	10	470	15	470	20	440	25	390	30	390
7	3827	7435	69	4	14	150	31DL	7	3	9451	8	0	610	5	610	10	590	15	590	20	530	25	470	30	470
7	3827	7435	69	4	15	150	31DL	7	3	9451	9	0	670	5	660	10	610	15	580	20	490	25	470	30	460
7	3827	7435	69	4	16	150	31DL	7	3	9451	10	0	700	5	690	10	590	15	520	20	480	25	470	30	460
7	3827	7435	69	4	21	150	31DL	7	3	9451	11	0	620	5	580	10	580	15	570	20	580	25	580	30	590
7	3827	7435	69	4	23	150	31DL	7	3	9451	12	0	680	5	650	10	620	15	610	20	600	25	590	30	580
7	3827	7435	69	4	25	150	31DL	7	3	9451	13	0	670	5	660	10	650	15	620	20	590	25	590	30	590
7	3827	7435	69	4	26	150	31DL	7	3	9451	14	0	770	5	700	10	690	15	630	20	570	25	570	30	570
7	3827	7435	69	4	27	140	31DL	7	3	9451	15	0	830	5	810	10	730	15	670	20	620	25	590	30	580
7	3827	7435	69	5	1	140	31DL	7	3	9450	1	0	760	5	750	10	730	15	660	20	520	25	520	30	510
7	3827	7435	69	5	2	140	31DL	7	3	9450	2	0	950	5	910	10	890	15	820	20	650	25	650	30	650
7	3827	7435	69	5	3	140	31DL	7	3	9450	3	0	970	5	940	10	890	15	670	20	650	25	650	30	640
7	3827	7435	69	5	4	140	31DL	7	3	9450	4	0	1000	5	1000	10	970	15	800	20	720	25	650	30	650
7	3827	7435	69	5	5	140	31DL	7	3	9450	5	0	1100	5	1040	10	950	15	720	20	650	25	650	30	650
7	3827	7435	69	5	6	140	31DL	7	3	9450	6	0	1090	5	1090	10	1000	15	710	20	670	25	670	30	660
7	3827	7435	69	5	7	140	31DL	7	3	9450	7	0	1100	5	1070	10	1050	15	910	20	680	25	680	30	670
7	3827	7435	69	5	10	140	31DL	7	3	9450	8	0	920	5	800	10	790	15	730	20	700	25	700	30	700
7	3827	7435	69	5	12	150	31DL	7	3	9450	9	0	860	5	860	10	810	15	760	20	690	25	630	30	620
7	3827	7435	69	5	13	150	31DL	7	3	9450	10	0	1000	5	850	10	830	15	820	20	790	25	690	30	640
7	3827	7435	69	5	14	150	31DL	6	3	9450	11	0	1090	5	1080	10	850	15	810	20	700	25	660		
7	3827	7435	69	5	15	150	31DL	7	3	9450	12	0	1060	5	1000	10	890	15	800	20	690	25	680	30	670
7	3827	7435	69	5	16	150	31DL	7	3	9450	13	0	1130	5	1130	10	1070	15	910	20	740	25	670	30	660
7	3827	7435	69	5	17	150	31DL	7	3	9450	14	0	1310	5	1310	10	1000	15	850	20	780	25	670	30	660
7	3827	7435	69	5	18	150	31DL	7	3	9450	15	0	1500	5	1320	10	1040	15	840	20	690	25	670	30	670
7	3827	7435	69	5	19	150	31DL	7	3	9450	16	0	1350	5	1320	10	1190	15	950	20	690	25	640	30	640
7	3827	7435	69	5	20	150	31DL	7	3	9450	17	0	1420	5	1390	10	1020	15	800	20	670	25	620	30	610
7	3827	7435	69	5	24	150	31DL	7	3	9450	21	0	1110	5	1110	10	1110	15	1110	20	730	25	720	30	710
7	3827	7435	69	5	26	150	31DL	6	3	9450	23	0	1340	5	1300	10	1270	15	1080	20	830	25	800		
7	3827	7435	69	5	29	150	31DL	5	3	9450	25	0	1420	5	1350	10	1300	15	1210	20	900				
7	3827	7435	69	5	30	150	31DL	5	3	9450	26	0	1560	5	1380	10	1320	15	1160	20	820				
7	3827	7435	69	5	31	150	31DL	6	3	9450	27	0	1490	5	1290	10	1280	15	1150	20	810	25	790		
7	3827	7435	69	5	99	150	31DL	5	3	9450	24	0	1260	5	1210	10	1180	15	1130	20	870				
7	3827	7435	69	6	2	150	31DL	5	3	9461	2	0	1840	5	1820	10	1680	15	1300	20	1020				
7	3827	7435	69	6	3	150	31DL	7	3	9461	3	0	1940	5	1910	10	1700	15	1510	20	1030	25	990	30	990
7	3827	7435	69	6	4	150	31DL	5	3	9461	4	0	1850	5	1770	10	1710	15	1310	20	810				
7	3827	7435	69	6	7	150	31DL	7	3	9461	5	0	1880	5	1810	10	1700	15	1500	20	890	25	750	30	740
7	3827	7435	69	6	8	150	31DL	7	3	9461	6	0	1930	5	1830	10	1690	15	1330	20	850	25	750	30	740
7	3827	7435	69	6	10	150	31DL	6	3	9461	8	0	1880	5	1850	10	1840	15	1490	20	920	25	870		
7	3827	7435	69	6	11	150	31DL	7	3	9461	9	0	1900	5	1870	10	1810	15	1400	20	1020	25	880	30	820
7	3827	7435	69	6	12	150	31DL	7	3	9461	10	0	1980	5	1920	10	1830	15	1520	20	1100	25	880	30	870
7	3827	7435	69	6	13	150	31DL	7	3	9461	11	0	2010	5	1970	10	1820	15	1600	20	1190	25	920	30	880
7	3827	7435	69	6	14	150	31DL	7	3	9461	12	0	2110	5	1900	10	1810	15	1620	20	1030	25	850	30	830
7	3827	7435	69	6	15	150	31DL	7	3	9461	13	0	2010	5	2010	10	1780	15	1610	20	1220	25	910	30	830
7	3827	7435	69	6	16	150	31DL	5	3	9461	14	0	2090	5	2090	10	2030	15	1650	20	1250				
7	3827	7435	69	6	17	150	31DL	7	3	9461	15	0	2020	5	2020	10	1970	15	1500	20	1380	25	1020	30	890
7	3827	7435	69	6	18	150	31DL	7	3	9461	16	0	2000	5	2020	10	1950	15	1560	20	1200	25	900	30	890
7	3827	7435	69	7	1	140	31DL	7	3	9483	1	0	2320	5	2310	10	2110	15	1250	20	880	25	880	30	840
7	3827	7435	69	7	2	140	31DL	7	3	9483	2	0	2370	5	2350	10	2190	15	1210	20	880	25	880	30	880
7	3827	7435	69	7	3	140	31DL	6	3	9483	3	0	2400	5	2390	10	2180	15	1820	20	930	25	840		
7	3827	7435	69	7	4	140	31DL	7	3	9483	4	0	2410	5	2340	10	1900	15	1150	20	830	25	820	30	810
7	3827	7435	69	7	5	140	31DL	7	3	9483	5	0	2330	5	2330	10	2200	15	1530	20	990	25	870	30	850
7	3827	7435	69	7	6	140	31DL	6	3	9483	6	0	2300	5	2290	10	2040	15	1400	20	910	25	910		
7	3827	7435	69	7	7	140	31DL	6	3	9483	7	0	2380	5	2370	10	2230	15	1550	20	900	25	880		
7	3827	7435	69	7	9	140	31DL	6	3	9483	8	0	2200	5	2200	10	2190	15	2190	20	1500	25	980		
7	3827	7435	69	7	10	140	31DL	6	3	9483	9	0	2150	5	2140	10	2130	15	2110	20	1000	25	870		
7	3827	7435	69	7	11	140	31DL	7	3	9483	10	0	2270	5	2250	10	2230	15	2000	20	1300	25	960	30	950
7	3827	7435	69	7	12	140	31DL	7	3	9483	11	0	2290	5	2290	10	2250	15	2020	20	1400	25	950	30	930
7	3827	7435	69	7	13	140	31DL	7	3	9483	12	0	2260	5	2240	10	2220	15	1900	20	1050	25	930	30	920
7	3827	7435	69	7	14	140	31DL	7	3	9483	13	0	2310	5	2290	10	2280	15	1940	20	1020	25	980	30	960
7	3827	7435	69	7	15	140	31DL	7	3	9483	14	0	2340	5	2330	10	2310	15	2100	20	1040	25	990	30	970
7	3827	7435	69	7	16	140	31DL	7	3	9483	15	0	2400	5	2370	10	2330	15	2220	20	1060	25	940	30	920
7	3827	7435	69	7	17	140	31DL	6	3	9483	16	0	2400	5	2380	10	2280	15	1950	20	1500	25	950		
7	3827	7435	69	7	21	140	31DL	6	3	9483	20	0	2560	5	2530	10	2200	15	1340	20	930	25	910		
7	3827	7435	69	7	22	140	31DL	7	3	9483	21	0	2550	5	2500	10	2370	15	1850	20	920	25	900	30	870
7	3827	7435	69	7	23	140	31DL	6	3	9483	22	0	2500	5	2490	10	2440	15	1550	20	1020	25	950		
7	3827	7435	69	7	25	140	31DL	7	3	9483	23	0	2330	5	2320	10	2310	15	1720	20	1680	25	1520	30	1520
7	3827	7435	69	7	26	140	31DL	7	3	9483	24	0	2370	5	2350	10	2310	15	2290	20	2100	25	1500	30	1430
7	3827	7435	69	7	28	140	31DL	7	3	9483	25	0	2260	5	2250	10	2240	15	2230	20	1390	25	1160	30	1130
7	3827	7435	69	7	29	140	31DL	7	3	9483	26	0	2450	5	2450	10	2410	15	2240	20	1250	25	840	30	830
7	3827	7435	69	7	30	140	31DL	5	3	9483	27	0	2440	5	2430	10	2400	15	2230	20	1300				
7	3827	7435	69	7	31	140	31DL	6	3	9483	28	0	2460	5	2430	10	2360	15	2150	20	1150	25	880		
7	3827	7435	69	8	1	140	31DL	7	3	9489	1	0	2480	5	2460	10	2420	15	2010	20	1010	25	890	30	850
7	3827	7435	69	8	2	140	31DL	7	3	9489	2	0	2450	5	2430	10	2430	15	2300	20	910	25	880	30	870
7	3827	7435	69	8	5	140	31DL	7	3	9489	5	0	2400	5	2350	10	2320	15	2140	20	940	25	880	30	830
7	3827	7435	69	8	6	140	31DL	7	3	9489	6	0	2380	5	2350	10	2320	15	2000	20	990	25	920	30	910
7	3827	7435	69	8	7	140	31DL	7	3	9489	7	0	2440	5	2350	10	2340	15	2210	20	1060	25	860	30	810
7	3827	7435	69	8	8	140	31DL	7	3	9489	8	0	2370	5	2350	10	2320	15	2080	20	930	25	790	30	790
7	3827	7435	69	8	9	140	31DL	6	3	9489	9	0	2340	5	2320	10	2310	15	1580	20	1020	25	870		
7	3827	7435	69	8	11	140	31DL	7	3	9489	10	0	2300	5	2240	10	2230	15	2170	20	1260	25	820	30	790
7	3827	7435	69	8	13	140	31DL	7	3	9489	12	0	2330	5	2320	10	2230	15	1890	20	1130	25	810	30	800
7	3827	7435	69	8	14	140	31DL	7	3	9489	13	0	2370	5	2340	10	2310	15	1870	20	1020	25	810	30	800
7	3827	7435	69	8	15	140	31DL	7	3	9489	14	0	2500	5	2420	10	2400	15	2330	20	1450	25	830	30	810
7	3827	7435	69	8	16	140	31DL	7	3	9489	15	0	2530	5	2450	10	2410	15	2210	20	1300	25	790	30	790
7	3827	7435	69	8	17	140	31DL	7	3	9489	16	0	2530	5	2480	10	2450	15	2350	20	1850	25	830	30	810
7	3827	7435	69	8	18	140	31DL	7	3	9489	17	0	2510	5	2500	10	2490	15	2300	20	1100	25	880	30	860
7	3827	7435	69	8	19	140	31DL	7	3	9489	18	0	2520	5	2500	10	2200	15	1320	20	860	25	830	30	830
7	3827	7435	69	8	22	140	31DL	7	3	9489	19	0	2390	5	2360	10	2350	15	2310	20	1100	25	1000	30	970
7	3827	7435	69	8	23	140	31DL	5	3	9489	20	0	2350	5	2340	10	2320	15	2290	20	1150				
7	3827	7435	69	8	24	140	31DL	5	3	9489	21	0	2390	5	2360	10	2330	15	2100	20	1460				
7	3827	7435	69	8	25	140	31DL	7	3	9489	22	0	2400	5	2360	10	2350	15	2300	20	1120	25	1070	30	1020
7	3827	7435	69	8	29	140	31DL	7	3	9489	24	0	2500	5	2360	10	2330	15	1880	20	1120	25	1100	30	1090
7	3827	7435	69	8	30	140	31DL	7	3	9489	25	0	2400	5	2310	10	2290	15	2220	20	1500	25	1120	30	1110
7	3827	7435	69	8	31	140	31DL	7	3	9489	26	0	2280	5	2220	10	2210	15	2000	20	1090	25	1040	30	1040
7	3827	7435	69	8	99	140	31DL	7	3	9489	23	0	2370	5	2360	10	2350	15	2270	20	1200	25	1190	30	1190
7	3827	7435	69	9	24	140	31DL	7	3	9490	24	0	2110	5	2090	10	2080	15	2070	20	2060	25	2050	30	2050
7	3827	7435	69	9	25	140	31DL	7	3	9490	25	0	2100	5	2100	10	2080	15	2040	20	2030	25	2030	30	2020
7	3827	7435	69	9	26	140	31DL	7	3	9490	26	0	2060	5	2060	10	2050	15	2050	20	2040	25	2040	30	2020		
7	3827	7435	69	9	27	140	31DL	7	3	9490	27	0	2080	5	2060	10	2050	15	2040	20	2030	25	2000	30	1920		
7	3827	7435	69	9	30	140	31DL	7	3	9490	29	0	2060	5	2060	10	2050	15	2040	20	2040	25	2020	30	1970		
7	3827	7435	69	10	1	140	31DL	8	3	27044	1	0	2040	5	2030	10	2030	15	2020	20	2020	25	2000	30	1950	35	1900
7	3827	7435	69	10	2	140	31DL	7	3	27044	2	0	2060	5	2040	10	2020	15	2020	20	2010	25	1940	30	1900		
7	3827	7435	69	10	3	140	31DL	7	3	27044	3	0	2070	5	2050	10	2040	15	2030	20	1970	25	1920	30	1600		
7	3827	7435	69	10	6	140	31DL	7	3	27044	6	0	1970	5	1950	10	1950	15	1940	20	1930	25	1920	30	1920		
7	3827	7435	69	10	7	140	31DL	7	3	27044	7	0	1950	5	1950	10	1940	15	1940	20	1930	25	1920	30	1910		
7	3827	7435	69	10	8	140	31DL	7	3	27044	8	0	1980	5	1970	10	1970	15	1930	20	1910	25	1890	30	1890		
7	3827	7435	69	10	9	140	31DL	6	3	27044	9	0	1950	5	1940	10	1930	15	1900	20	1890	25	1880				
7	3827	7435	69	10	10	140	31DL	6	3	27044	10	0	1950	5	1940	10	1940	15	1910	20	1900	25	1900				
7	3827	7435	69	10	16	140	31DL	7	3	27044	13	0	1870	5	1860	10	1840	15	1830	20	1830	25	1820	30	1820		
7	3827	7435	69	10	17	140	31DL	7	3	27044	14	0	1820	5	1810	10	1810	15	1790	20	1790	25	1760	30	1750		
7	3827	7435	69	10	18	140	31DL	6	3	27044	15	0	1790	5	1780	10	1780	15	1780	20	1780	25	1780				
7	3827	7435	69	10	19	140	31DL	6	3	27044	16	0	1800	5	1790	10	1780	15	1770	20	1770	25	1760				
7	3827	7435	69	10	24	140	31DL	7	3	27044	17	0	1710	5	1700	10	1700	15	1700	20	1710	25	1710	30	1700		
7	3827	7435	69	10	25	140	31DL	7	3	27044	18	0	1620	5	1610	10	1610	15	1610	20	1610	25	1610	30	1610
7	3827	7435	69	10	26	140	31DL	7	3	27044	19	0	1710	5	1640	10	1620	15	1620	20	1620	25	1630	30	1630
7	3827	7435	69	10	27	140	31DL	7	3	27044	20	0	1690	5	1680	10	1650	15	1630	20	1610	25	1630	30	1610
7	3827	7435	69	10	31	140	31DL	5	3	27044	21	0	1570	5	1540	10	1530	15	1520	20	1520				
7	3827	7435	69	11	1	150	31DL	7	3	27050	1	0	1580	5	1550	10	1550	15	1540	20	1540	25	1540	30	1530
7	3827	7435	69	11	3	150	31DL	7	3	27050	2	0	1590	5	1580	10	1580	15	1570	20	1570	25	1560	30	1560
7	3827	7435	69	11	4	150	31DL	7	3	27050	3	0	1580	5	1580	10	1570	15	1560	20	1550	25	1550	30	1550
7	3827	7435	69	11	7	150	31DL	7	3	27050	4	0	1500	5	1500	10	1500	15	1500	20	1500	25	1500	30	1500
7	3827	7435	69	11	8	150	31DL	6	3	27050	5	0	1510	5	1500	10	1500	15	1490	20	1490	25	1480		
7	3827	7435	69	11	12	150	31DL	6	3	27050	9	0	1430	5	1420	10	1410	15	1400	20	1400	25	1400		
7	3827	7435	69	11	14	150	31DL	6	3	27050	11	0	1390	5	1380	10	1380	15	1380	20	1380	25	1380		
7	3827	7435	69	11	15	150	31DL	7	3	27050	12	0	1400	5	1390	10	1380	15	1380	20	1380	25	1380	30	1380
7	3827	7435	69	11	16	150	31DL	7	3	27050	13	0	1360	5	1350	10	1350	15	1340	20	1330	25	1330	30	1330
7	3827	7435	69	11	17	150	31DL	7	3	27050	14	0	1330	5	1330	10	1330	15	1330	20	1330	25	1330	30	1330
7	3827	7435	69	11	18	150	31DL	7	3	27050	15	0	1350	5	1340	10	1320	15	1320	20	1320	25	1320	30	1320
7	3827	7435	69	11	22	150	31DL	7	3	27050	16	0	1290	5	1280	10	1280	15	1280	20	1270	25	1270	30	1270
7	3827	7435	69	11	23	150	31DL	7	3	27050	17	0	1280	5	1270	10	1270	15	1270	20	1270	25	1270	30	1270		
7	3827	7435	69	11	25	150	31DL	7	3	27050	19	0	1290	5	1280	10	1280	15	1270	20	1260	25	1250	30	1250		
7	3827	7435	69	11	26	150	31DL	6	3	27050	20	0	1250	5	1250	10	1240	15	1240	20	1240	25	1240				
7	3827	7435	69	11	27	150	31DL	7	3	27050	21	0	1240	5	1230	10	1220	15	1220	20	1220	25	1220	30	1220		
7	3827	7435	69	11	28	150	31DL	7	3	27050	22	0	1270	5	1260	10	1250	15	1240	20	1230	25	1220	30	1220		
7	3827	7435	69	12	3	150	31DL	7	3	27026	2	0	1190	5	1180	10	1180	15	1180	20	1180	25	1180	30	1180		
7	3827	7435	69	12	7	150	31DL	7	3	27026	3	0	1100	5	1090	10	1090	15	1080	20	1080	25	1080	30	1080		
7	3827	7435	69	12	9	150	31DL	7	3	27026	4	0	1030	5	1030	10	1020	15	1020	20	1020	25	1020	30	1020		
7	3827	7435	69	12	18	150	31DL	7	3	27026	5	0	850	5	840	10	840	15	840	20	840	25	840	30	840		
7	3827	7435	69	12	21	150	31DL	7	3	27026	6	0	820	5	820	10	820	15	820	20	820	25	820	30	820		
7	3827	7435	69	12	29	150	31DL	7	3	27026	7	0	630	5	620	10	610	15	610	20	600	25	600	30	600		
7	3827	7435	69	12	30	150	31DL	8	3	27026	8	0	600	5	600	10	600	15	590	20	580	25	590	30	610	35	620
7	3827	7435	70	1	16	150	31DL	7	3	27053	15	0	290	5	290	10	290	15	320	20	340	25	360	30	370		
7	3827	7435	70	1	23	150	31DL	7	3	27053	17	0	230	5	230	10	230	15	230	20	230	25	230	30	230		
7	3827	7435	70	1	26	150	31DL	7	3	27053	18	0	460	5	440	10	430	15	420	20	420	25	420	30	420		
7	3827	7435	70	1	27	150	31DL	6	3	27053	19	0	330	5	320	10	320	15	370	20	400	25	410				
7	3827	7435	70	1	28	150	31DL	7	3	27053	20	0	380	5	370	10	370	15	370	20	370	25	370	30	370
7	3827	7435	70	1	31	150	31DL	7	3	27053	21	0	320	5	320	10	320	15	310	20	310	25	310	30	310
7	3827	7435	70	2	6	150	31DL	7	3	27036	1	0	380	5	370	10	370	15	420	20	420	25	420	30	420
7	3827	7435	70	2	7	150	31DL	7	3	27036	2	0	470	5	440	10	430	15	430	20	430	25	430	30	430
7	3827	7435	70	2	8	150	31DL	7	3	27036	3	0	430	5	420	10	420	15	420	20	420	25	410	30	410
7	3827	7435	70	2	10	150	31DL	6	3	27036	4	0	400	5	400	10	400	15	390	20	380	25	380		
7	3827	7435	70	2	12	150	31DL	7	3	27036	5	0	400	5	400	10	400	15	400	20	400	25	400	30	400
7	3827	7435	70	2	13	150	31DL	7	3	27036	6	0	400	5	400	10	390	15	390	20	400	25	430	30	430
7	3827	7435	70	2	16	150	31DL	6	3	27036	8	0	420	5	420	10	410	15	400	20	410	25	410		
7	3827	7435	70	2	18	150	31DL	6	3	27036	9	0	420	5	410	10	410	15	430	20	450	25	460		
7	3827	7435	70	2	19	150	31DL	7	3	27036	10	0	430	5	430	10	430	15	450	20	470	25	480	30	480
7	3827	7435	70	2	20	150	31DL	7	3	27036	11	0	420	5	420	10	400	15	400	20	400	25	400	30	400
7	3827	7435	70	2	21	150	31DL	7	3	27036	12	0	500	5	510	10	510	15	500	20	490	25	480	30	470
7	3827	7435	70	2	24	150	31DL	7	3	27036	14	0	400	5	400	10	410	15	470	20	480	25	470	30	470
7	3827	7435	70	2	25	150	31DL	7	3	27036	15	0	390	5	390	10	390	15	450	20	470	25	470	30	470
7	3827	7435	70	2	27	150	31DL	7	3	27036	16	0	510	5	510	10	490	15	480	20	480	25	480	30	480
7	3827	7435	70	3	4	150	31DL	6	3	27057	3	0	400	5	380	10	380	15	370	20	370	25	370		
7	3827	7435	70	3	5	150	31DL	6	3	27057	4	0	440	5	430	10	420	15	420	20	410	25	410		
7	3827	7435	70	3	6	150	31DL	7	3	27057	5	0	390	5	390	10	370	15	350	20	350	25	350	30	350
7	3827	7435	70	3	7	150	31DL	5	3	27057	6	0	370	5	330	10	330	15	330	20	330				
7	3827	7435	70	3	8	150	31DL	7	3	27057	7	0	380	5	340	10	330	15	330	20	330	25	330	30	340
7	3827	7435	70	3	9	150	31DL	6	3	27057	8	0	410	5	420	10	430	15	390	20	390	25	380		
7	3827	7435	70	3	11	150	31DL	6	3	27057	10	0	440	5	440	10	430	15	430	20	430	25	420		
7	3827	7435	70	3	12	150	31DL	6	3	27057	11	0	470	5	450	10	460	15	440	20	430	25	420		
7	3827	7435	70	3	17	150	31DL	6	3	27057	13	0	470	5	470	10	450	15	430	20	410	25	410		
7	3827	7435	70	3	18	150	31DL	6	3	27057	14	0	430	5	420	10	420	15	410	20	400	25	400		
7	3827	7435	70	3	19	150	31DL	5	3	27057	15	0	450	5	460	10	450	15	420	20	400				
7	3827	7435	70	3	20	150	31DL	6	3	27057	16	0	410	5	400	10	400	15	380	20	380	25	380		
7	3827	7435	70	3	21	150	31DL	7	3	27057	17	0	420	5	390	10	390	15	390	20	390	25	390	30	390
7	3827	7435	70	3	23	150	31DL	5	3	27057	18	0	440	5	430	10	400	15	400	20	390				
7	3827	7435	70	3	24	150	31DL	6	3	27057	19	0	440	5	470	10	460	15	430	20	410	25	410		
7	3827	7435	70	3	25	150	31DL	7	3	27057	20	0	480	5	470	10	450	15	440	20	430	25	430	30	430
7	3827	7435	70	3	26	150	31DL	6	3	27057	21	0	500	5	480	10	470	15	430	20	420	25	420		
7	3827	7435	70	3	28	150	31DL	6	3	27057	23	0	520	5	490	10	480	15	460	20	410	25	410		
7	3827	7435	70	3	30	150	31DL	6	3	27057	24	0	460	5	470	10	430	15	420	20	420	25	420		
7	3827	7435	70	4	3	150	31DL	6	3	27083	2	0	470	5	460	10	440	15	440	20	440	25	440		
7	3827	7435	70	4	4	150	31DL	7	3	27083	3	0	500	5	470	10	470	15	460	20	460	25	460	30	460
7	3827	7435	70	4	5	99*	31DL	6	3	27083	4	0	500	5	490	10	480	15	480	20	480	25	480		
7	3827	7435	70	4	8	150	31DL	6	3	27083	5	0	560	5	550	10	540	15	520	20	510	25	510		
7	3827	7435	70	4	9	150	31DL	6	3	27083	6	0	550	5	530	10	510	15	500	20	500	25	500		
7	3827	7435	70	4	10	150	31DL	5	3	27083	7	0	610	5	600	10	600	15	560	20	520				
7	3827	7435	70	4	13	150	31DL	7	3	27083	9	0	580	5	580	10	580	15	570	20	560	25	540	30	540
7	3827	7435	70	4	21	150	31DL	5	3	27083	13	0	530	5	520	10	500	15	480	20	480				
7	3827	7435	70	4	23	150	31DL	5	3	27083	15	0	590	5	550	10	530	15	510	20	500				
7	3827	7435	70	4	25	150	31DL	6	3	27083	16	0	610	5	590	10	570	15	540	20	530	25	500		
7	3827	7435	70	4	26	140	31DL	6	3	27083	17	0	670	5	640	10	560	15	520	20	500	25	500		
7	3827	7435	70	4	29	140	31DL	7	3	27083	18	0	720	5	690	10	600	15	530	20	520	25	520	30	520
7	3827	7435	70	4	30	140	31DL	3	3	27083	19	0	840	5	780	10	610								
7	3827	7435	70	5	1	140	31DL	6	3	27081	1	0	1000	5	700	10	670	15	650	20	640	25	640		
7	3827	7435	70	5	2	140	31DL	7	3	27081	2	0	1100	5	770	10	690	15	670	20	670	25	670	30	680
7	3827	7435	70	5	3	140	31DL	6	3	27081	3	0	1150	5	870	10	710	15	680	20	680	25	680		
7	3827	7435	70	5	4	140	31DL	6	3	27081	4	0	1020	5	710	10	670	15	660	20	660	25	660		
7	3827	7435	70	5	5	140	31DL	6	3	27081	5	0	1050	5	1030	10	880	15	720	20	670	25	670		
7	3827	7435	70	5	8	140	31DL	5	3	27081	6	0	950	5	930	10	920	15	860	20	820				
7	3827	7435	70	5	9	140	31DL	6	3	27081	7	0	1030	5	970	10	920	15	840	20	820	25	820		
7	3827	7435	70	5	10	140	31DL	6	3	27081	8	0	1070	5	990	10	860	15	760	20	680	25	660		
7	3827	7435	70	5	11	140	31DL	6	3	27081	9	0	1220	5	1000	10	910	15	810	20	720	25	710		
7	3827	7435	70	5	12	140	31DL	6	3	27081	10	0	1320	5	1150	10	950	15	920	20	820	25	720		
7	3827	7435	70	5	14	140	31DL	5	3	27081	12	0	1430	5	1020	10	940	15	850	20	700				
7	3827	7435	70	5	15	140	31DL	6	3	27081	13	0	1210	5	1210	10	1200	15	750	20	710	25	700		
7	3827	7435	70	5	16	140	31DL	6	3	27081	14	0	1230	5	1200	10	1180	15	730	20	720	25	720		
7	3827	7435	70	5	19	140	31DL	6	3	27081	15	0	1250	5	1230	10	1200	15	780	20	770	25	730		
7	3827	7435	70	5	20	140	31DL	6	3	27081	16	0	1270	5	1200	10	910	15	730	20	720	25	720		
7	3827	7435	70	5	21	140	31DL	5	3	27081	17	0	1380	5	1320	10	1200	15	900	20	710				
7	3827	7435	70	5	23	140	31DL	6	3	27081	18	0	1420	5	1430	10	1270	15	890	20	730	25	720		
7	3827	7435	70	5	24	140	31DL	6	3	27081	19	0	1400	5	1350	10	1290	15	740	20	730	25	720		
7	3827	7435	70	5	26	140	31DL	6	3	27081	20	0	1450	5	1440	10	800	15	710	20	700	25	680		
7	3827	7435	70	5	27	140	31DL	5	3	27081	21	0	1460	5	1420	10	920	15	710	20	700				
7	3827	7435	70	5	28	140	31DL	6	3	27081	22	0	1480	5	1470	10	1250	15	720	20	700	25	700		
7	3827	7435	70	5	29	140	31DL	6	3	27081	23	0	1530	5	1540	10	1340	15	920	20	740	25	720		
7	3827	7435	70	5	30	140	31DL	6	3	27081	24	0	1480	5	1480	10	1460	15	810	20	770	25	750		
7	3827	7435	70	5	31	140	31DL	6	3	27081	25	0	1480	5	1470	10	1250	15	820	20	790	25	760		
7	3827	7435	70	6	7	160	31DL	7	3	27073	1	0	1880	5	1820	10	1600	15	1200	20	800	25	780	30	780
7	3827	7435	70	6	8	160	31DL	7	3	27073	2	0	1970	5	1910	10	1910	15	1400	20	820	25	790	30	790
7	3827	7435	70	6	9	160	31DL	7	3	27073	3	0	1600	5	1510	10	1190	15	890	20	350	25	340	30	340
7	3827	7435	70	6	10	160	31DL	7	3	27073	4	0	2140	5	2030	10	1740	15	1390	20	800	25	800	30	800
7	3827	7435	70	6	11	160	31DL	7	3	27073	5	0	2060	5	2020	10	1730	15	1350	20	800	25	800	30	800
7	3827	7435	70	6	12	160	31DL	7	3	27073	6	0	2120	5	2070	10	1790	15	1430	20	970	25	870	30	860
7	3827	7435	70	6	13	160	31DL	7	3	27073	7	0	1850	5	1840	10	1320	15	1190	20	670	25	580	30	580
7	3827	7435	70	6	14	160	31DL	7	3	27073	8	0	2080	5	2070	10	2020	15	1350	20	840	25	840	30	840
7	3827	7435	70	6	15	140	31DL	7	3	27073	9	0	2080	5	2070	10	2040	15	1350	20	850	25	840	30	840
7	3827	7435	70	6	16	160	31DL	7	3	27073	10	0	2080	5	2080	10	2080	15	1580	20	1000	25	870	30	860
7	3827	7435	70	6	17	99*	31DL	7	3	27073	11	0	2120	5	2090	10	2070	15	1470	20	1000	25	860	30	850
7	3827	7435	70	6	18	160	31DL	7	3	27073	12	0	2120	5	2120	10	2100	15	1400	20	1000	25	870	30	860
7	3827	7435	70	6	19	160	31DL	7	3	27073	13	0	2200	5	2170	10	2010	15	1450	20	1020	25	880	30	880
7	3827	7435	70	6	20	160	31DL	7	3	27073	14	0	2200	5	2190	10	2150	15	1700	20	1000	25	880	30	850
7	3827	7435	70	6	21	160	31DL	7	3	27073	15	0	2220	5	2220	10	2220	15	1940	20	1200	25	910	30	910
7	3827	7435	70	6	22	160	31DL	7	3	27073	16	0	2190	5	2180	10	2170	15	2080	20	1200	25	890	30	890
7	3827	7435	70	6	23	160	31DL	7	3	27073	17	0	2240	5	2220	10	2130	15	1600	20	890	25	880	30	870
7	3827	7435	70	6	24	160	31DL	7	3	27073	18	0	2340	5	2270	10	2100	15	1320	20	870	25	850	30	850
7	3827	7435	70	6	25	160	31DL	7	3	27073	19	0	2300	5	2280	10	2250	15	1650	20	900	25	860	30	860
7	3827	7435	70	6	26	160	31DL	7	3	27073	20	0	2280	5	2280	10	2200	15	1550	20	1100	25	870	30	870
7	3827	7435	70	6	27	160	31DL	7	3	27073	21	0	2320	5	2300	10	2130	15	1750	20	890	25	830	30	830
7	3827	7435	70	6	28	160	31DL	5	3	27073	22	0	2220	5	2220	10	2190	15	2140	20	890				
7	3827	7435	70	6	29	160	31DL	7	3	27073	23	0	2280	5	2190	10	2170	15	2130	20	900	25	870	30	870
7	3827	7435	70	6	30	160	31DL	7	3	27073	24	0	2170	5	2170	10	2170	15	1640	20	920	25	870	30	860
7	3827	7435	70	7	1	160	31DL	8	3	27067	1	0	2400	5	2390	10	2380	15	2250	20	1290	25	1110	30	1100	35	1100
7	3827	7435	70	7	2	160	31DL	8	3	27067	2	0	2000	5	1990	10	1980	15	1130	20	770	25	770	30	770	35	770
7	3827	7435	70	7	3	160	31DL	8	3	27067	3	0	2160	5	2150	10	2090	15	2030	20	1920	25	740	30	740	35	740
7	3827	7435	70	7	4	160	31DL	8	3	27067	4	0	2170	5	2170	10	2110	15	1430	20	770	25	770	30	770	35	770
7	3827	7435	70	7	5	160	31DL	8	3	27067	5	0	1900	5	1900	10	1870	15	1550	20	500	25	450	30	450	35	450
7	3827	7435	70	7	6	160	31DL	8	3	27067	6	0	2500	5	2480	10	2400	15	1450	20	1070	25	1030	30	1030	35	1030
7	3827	7435	70	7	7	160	31DL	8	3	27067	7	0	2530	5	2500	10	2280	15	1450	20	1070	25	1050	30	1040	35	1040
7	3827	7435	70	7	8	160	31DL	8	3	27067	8	0	2200	5	2130	10	1990	15	1300	20	620	25	540	30	540	35	540
7	3827	7435	70	9	1	140	31DL	5	3	27146	1	0	2050	5	2030	10	1600	15	780	20	730						
7	3827	7435	70	9	2	140	31DL	6	3	27146	2	0	2220	5	2210	10	2190	15	1230	20	800	25	760				
7	3827	7435	70	9	3	140	31DL	6	3	27146	3	0	2220	5	2210	10	2200	15	1200	20	790	25	750				
7	3827	7435	70	9	6	140	31DL	7	3	27146	5	0	2040	5	2020	10	1850	15	700	20	690	25	690	30	680		
7	3827	7435	70	9	7	140	31DL	6	3	27146	6	0	2010	5	1950	10	1400	15	800	20	740	25	730				
7	3827	7435	70	9	8	140	31DL	5	3	27146	7	0	2050	5	2030	10	2030	15	760	20	740						
7	3827	7435	70	9	12	140	31DL	5	3	27146	9	0	2080	5	2070	10	2000	15	850	20	780						
7	3827	7435	70	9	15	140	31DL	6	3	27146	11	0	2130	5	2100	10	2000	15	960	20	790	25	780				
7	3827	7435	70	9	16	140	31DL	5	3	27146	12	0	2180	5	2160	10	2000	15	1030	20	790				
7	3827	7435	70	9	17	140	31DL	6	3	27146	13	0	2130	5	2120	10	2070	15	810	20	780	25	770		
7	3827	7435	70	9	18	140	31DL	6	3	27146	14	0	2130	5	2110	10	1800	15	820	20	800	25	800		
7	3827	7435	70	9	21	140	31DL	6	3	27146	15	0	2190	5	2170	10	2150	15	1630	20	890	25	870		
7	3827	7435	70	9	22	140	31DL	6	3	27146	16	0	2200	5	2190	10	2190	15	1920	20	1050	25	880		
7	3827	7435	70	9	23	140	31DL	6	3	27146	17	0	2130	5	2000	10	1670	15	970	20	890	25	880		
7	3827	7435	70	9	25	140	31DL	6	3	27146	18	0	2130	5	2050	10	1550	15	830	20	800	25	800		
7	3827	7435	70	9	26	140	31DL	5	3	27146	19	0	2170	5	2000	10	1580	15	870	20	780				
7	3827	7435	70	9	28	140	31DL	6	3	27146	20	0	1980	5	1960	10	1550	15	880	20	840	25	840		
7	3827	7435	70	9	30	140	31DL	6	3	27146	21	0	1860	5	1840	10	1830	15	810	20	790	25	770		
7	3827	7435	70	10	1	140	31DL	6	3	27148	1	0	2000	5	1990	10	1980	15	1900	20	890	25	880		
7	3827	7435	70	10	2	140	31DL	6	3	27148	2	0	1920	5	1910	10	1890	15	1040	20	900	25	900		
7	3827	7435	70	10	4	140	31DL	7	3	27148	3	0	1780	5	1780	10	1780	15	1350	20	830	25	810	30	770
7	3827	7435	70	10	5	140	31DL	6	3	27148	4	0	1840	5	1840	10	1840	15	1830	20	1300	25	860		
7	3827	7431	70	10	6	140	31DL	6	3	27148	5	0	1770	5	1740	10	1720	15	1090	20	680	25	610		
7	3827	7435	70	10	7	140	31DL	3	3	27148	6	0	1770	5	1750	10	1710								
7	3827	7435	70	10	8	140	31DL	5	3	27148	7	0	1800	5	1750	10	1720	15	1690	20	1020
7	3827	7435	70	10	9	140	31DL	5	3	27148	8	0	1780	5	1760	10	1750	15	1740	20	1000
